translate
       1 Alectoria_fallacina,
       2 Cladonia_apodocarpa,
       3 Cladonia_caroliniana,
       4 Cladonia_furcata,
       5 Cladonia_leporina,
       6 Cladonia_petrophila,
       7 Cladonia_peziziformis,
       8 Cladonia_rangiferina,
       9 Cladonia_robbinsii,
      10 Cladonia_stipitata,
      11 Cladonia_subtenuis,
      12 Cladonia_uncialis,
      13 Coccocarpia_palmicola,
      14 Gomphillus_americanus,
      15 Graphis_lineola,
      16 Heterodermia_albicans,
      17 Heterodermia_appalachensis,
      18 Heterodermia_casarettiana,
      19 Heterodermia_echinata,
      20 Heterodermia_speciosa1,
      21 Heterodermia_speciosa2,
      22 Heterodermia_squamulosa,
      23 Hypogymnia_vittata,
      24 Icmadophila_ericetorum,
      25 Imshaugia_aleurites,
      26 Lecanora_cenereofusca,
      27 Lecanora_saxigena,
      28 Lepraria_oxybapha,
      29 Leptogium_hirsutum,
      30 Menegazzia_subsimilis,
      31 Parmotrema_austrosinense,
      32 Parmotrema_cetratum,
      33 Parmotrema_Crinitum,
      34 Parmotrema_diffractaicum,
      35 Parmotrema_internexum,
      36 Parmotrema_margaritatum,
      37 Parmotrema_mellissii,
      38 Parmotrema_neotropicum,
      39 Parmotrema_stuppeum,
      40 Parmotrema_Ultralucens,
      41 Arthonia_susa,
      42 Mycocalicium_subtile,
      43 Pertusaria_obruta,
      44 Pertusaria_plittiana,
      45 Usnea_cornuta,
      46 Usnea_halei,
      47 Usnea_mutabilis,
      48 Usnea_pensylvanica,
      49 Usnea_subfusca,
      50 Usnea_subgracilis,
      51 Usnea_subscabrosa;
(((((1,((((((((2,((4,(6,10)),7)),9),((3,(5,12)),(8,11))),28),(((((13,29),(14,15)),41),((24,(43,44)),42)),(((16,22),19),((17,18),(20,21))))),(26,27)),(30,((((31,(37,38)),(36,39)),(33,35)),((32,40),34)))),(23,25))),49),47),(46,48)),(45,50),51); 18
((((((((1,30),23),((((((2,((4,(6,10)),7)),9),((3,(5,12)),(8,11))),28),((((((13,29),(14,15)),41),((24,(43,44)),42)),(((16,22),19),((17,18),(20,21)))),(26,27))),((((31,(37,38)),(36,39)),(33,35)),((32,40),34)))),25),49),47),(46,48)),(45,50),51); 13
(((((1,((((((((2,((4,(6,10)),7)),9),((3,(5,12)),(8,11))),28),(((((13,29),(14,15)),((24,(43,44)),42)),41),(((16,22),19),((17,18),(20,21))))),(26,27)),(30,((((31,(37,38)),(36,39)),(33,35)),((32,40),34)))),(23,25))),49),47),(46,48)),(45,50),51); 13
(((((1,((((((((2,((4,(6,10)),7)),9),((3,(5,12)),(8,11))),28),((((13,29),(14,15)),(((24,(43,44)),42),41)),(((16,22),19),((17,18),(20,21))))),(26,27)),(30,((((31,(37,38)),(36,39)),(33,35)),((32,40),34)))),(23,25))),49),47),(46,48)),(45,50),51); 13
(((((1,((((((((2,((4,(6,10)),7)),9),((3,(5,12)),(8,11))),28),((((13,(24,(43,44))),42),(((14,15),41),29)),(((16,22),19),((17,18),(20,21))))),(26,27)),(30,((((31,(37,38)),(36,39)),(33,35)),((32,40),34)))),(23,25))),49),47),(46,48)),(45,50),51); 12
(((((1,(((((((2,((4,(6,10)),7)),9),((3,(5,12)),(8,11))),28),((((((13,29),(14,15)),41),((24,(43,44)),42)),(((16,22),19),((17,18),(20,21)))),(26,27))),(30,((((31,(37,38)),(36,39)),(33,35)),((32,40),34)))),(23,25))),49),47),(46,48)),(45,50),51); 12
((((((((1,30),23),((((((2,((4,(6,10)),7)),9),((3,(5,12)),(8,11))),28),(((((13,29),((14,15),41)),((24,(43,44)),42)),(((16,22),19),((17,18),(20,21)))),(26,27))),((((31,(37,38)),(36,39)),(33,35)),((32,40),34)))),25),49),47),(46,48)),(45,50),51); 11
((((((((1,30),23),((((((2,((4,7),(6,10))),9),((3,(5,12)),(8,11))),28),(((((13,29),((14,15),41)),((24,(43,44)),42)),(((16,22),19),((17,18),(20,21)))),(26,27))),((((31,(37,38)),(36,39)),(33,35)),((32,40),34)))),25),49),47),(46,48)),(45,50),51); 11
(((((1,((((((((2,((4,(6,10)),7)),9),((3,(5,12)),(8,11))),28),(((13,((24,(43,44)),42)),(((14,15),41),29)),(((16,22),19),((17,18),(20,21))))),(26,27)),(30,((((31,(37,38)),(36,39)),(33,35)),((32,40),34)))),(23,25))),49),47),(46,48)),(45,50),51); 11
(((((1,(((((((2,((4,(6,10)),7)),9),((3,(5,12)),(8,11))),28),(((((13,29),(14,15)),(((24,(43,44)),42),41)),(((16,22),19),((17,18),(20,21)))),(26,27))),(30,((((31,(37,38)),(36,39)),(33,35)),((32,40),34)))),(23,25))),49),47),(46,48)),(45,50),51); 11
(((((1,((((((((2,((4,(6,10)),7)),9),((3,(5,12)),(8,11))),28),(((13,29),(((14,15),41),((24,(43,44)),42))),(((16,22),19),((17,18),(20,21))))),(26,27)),(30,((((31,(37,38)),(36,39)),(33,35)),((32,40),34)))),(23,25))),49),47),(46,48)),(45,50),51); 9
(((((1,((((((((2,((4,(6,10)),7)),9),((3,(5,12)),(8,11))),28),((((13,29),((14,15),41)),((24,(43,44)),42)),(((16,22),19),((17,18),(20,21))))),(26,27)),(30,((((31,(37,38)),(36,39)),(33,35)),((32,40),34)))),(23,25))),49),47),(46,48)),(45,50),51); 8
(((((1,(((((((2,((4,7),(6,10))),9),((3,(5,12)),(8,11))),28),(((((13,29),((14,15),41)),((24,(43,44)),42)),(((16,22),19),((17,18),(20,21)))),(26,27))),(30,((((31,(37,38)),(36,39)),(33,35)),((32,40),34)))),(23,25))),49),47),(46,48)),(45,50),51); 8
((((((((1,30),23),(((((((2,((4,7),(6,10))),9),((3,(5,12)),(8,11))),28),((((13,29),(14,15)),(((24,(43,44)),42),41)),(((16,22),19),((17,18),(20,21))))),(26,27)),((((31,(37,38)),(36,39)),(33,35)),((32,40),34)))),25),49),47),(46,48)),(45,50),51); 7
(((((1,((((((((2,((4,(6,10)),7)),9),((3,(5,12)),(8,11))),28),((((13,29),(14,15)),(((24,(43,44)),42),41)),(((16,22),19),((17,18),(20,21))))),(26,27)),(30,((((31,35),33),((36,39),(37,38))),((32,40),34)))),(23,25))),49),47),(46,48)),(45,50),51); 7
(((((1,(((((((2,((4,(6,10)),7)),9),((3,(5,12)),(8,11))),28),((((((13,29),(14,15)),((24,(43,44)),42)),41),(((16,22),19),((17,18),(20,21)))),(26,27))),(30,((((31,(37,38)),(36,39)),(33,35)),((32,40),34)))),(23,25))),49),47),(46,48)),(45,50),51); 7
((((((((1,30),23),((((((2,((4,(6,10)),7)),9),((3,(5,12)),(8,11))),28),(((((13,29),(14,15)),(((24,(43,44)),42),41)),(((16,22),19),((17,18),(20,21)))),(26,27))),((((31,(37,38)),(36,39)),(33,35)),((32,40),34)))),25),49),47),(46,48)),(45,50),51); 6
(((((1,((((((((2,((4,(6,10)),7)),9),((3,(5,12)),(8,11))),28),((((13,(24,(43,44))),42),(((14,15),29),41)),(((16,22),19),((17,18),(20,21))))),(26,27)),(30,((((31,(37,38)),(36,39)),(33,35)),((32,40),34)))),(23,25))),49),47),(46,48)),(45,50),51); 6
(((((1,((((((((2,((4,(6,10)),7)),9),((3,(5,12)),(8,11))),28),(26,27)),((((13,29),((14,15),41)),((24,(43,44)),42)),(((16,22),19),((17,18),(20,21))))),(30,((((31,(37,38)),(36,39)),(33,35)),((32,40),34)))),(23,25))),49),47),(46,48)),(45,50),51); 6
((((((((1,30),23),(((((((2,((4,(6,10)),7)),9),((3,(5,12)),(8,11))),28),((((13,29),(14,15)),(((24,(43,44)),42),41)),(((16,22),19),((17,18),(20,21))))),(26,27)),((((31,(37,38)),(36,39)),(33,35)),((32,40),34)))),25),49),47),(46,48)),(45,50),51); 5
((((((((1,30),23),(((((((2,((4,(6,10)),7)),9),((3,(5,12)),(8,11))),28),(26,27)),(((((13,29),(14,15)),41),((24,(43,44)),42)),(((16,22),19),((17,18),(20,21))))),((((31,(37,38)),(36,39)),(33,35)),((32,40),34)))),25),49),47),(46,48)),(45,50),51); 5
((((((((1,30),23),((((((2,((4,(6,10)),7)),9),((3,(5,12)),(8,11))),28),((((((13,29),(14,15)),((24,(43,44)),42)),41),(((16,22),19),((17,18),(20,21)))),(26,27))),(((((31,38),37),(36,39)),(33,35)),((32,40),34)))),25),49),47),(46,48)),(45,50),51); 5
((((((((1,30),23),((((((2,((4,7),(6,10))),9),((3,(5,12)),(8,11))),28),((((((13,29),(14,15)),41),((24,(43,44)),42)),(((16,22),19),((17,18),(20,21)))),(26,27))),((((31,(37,38)),(36,39)),(33,35)),((32,40),34)))),25),49),47),(46,48)),(45,50),51); 5
(((((((1,30),((((((((2,((4,(6,10)),7)),9),((3,(5,12)),(8,11))),28),((((13,29),(14,15)),(((24,(43,44)),42),41)),(((16,22),19),((17,18),(20,21))))),(26,27)),((((31,(37,38)),(36,39)),(33,35)),((32,40),34))),25)),23),49),47),(46,48)),(45,50),51); 5
(((((1,(((((((2,((4,(6,10)),7)),9),((3,(5,12)),(8,11))),28),(((((13,29),((14,15),41)),((24,(43,44)),42)),(((16,22),19),((17,18),(20,21)))),(26,27))),(30,((((31,(37,38)),(36,39)),(33,35)),((32,40),34)))),(23,25))),49),47),(46,48)),(45,50),51); 5
(((((1,((((((((2,((4,(6,10)),7)),9),((3,(5,12)),(8,11))),28),((((((13,29),(14,15)),41),((24,(43,44)),42)),(((16,22),19),((17,18),(20,21)))),(26,27))),23),(30,((((31,(37,38)),(36,39)),(33,35)),((32,40),34)))),25)),49),47),(46,48)),(45,50),51); 4
(((((1,((((((((2,((4,(6,10)),7)),9),((3,(5,12)),(8,11))),28),(((((13,(24,(43,44))),42),((14,15),41)),29),(((16,22),19),((17,18),(20,21))))),(26,27)),(30,((((31,(37,38)),(36,39)),(33,35)),((32,40),34)))),(23,25))),49),47),(46,48)),(45,50),51); 4
(((((1,((((((((2,((4,(6,10)),7)),9),((3,(5,12)),(8,11))),28),(((((13,29),(14,15)),((24,(43,44)),42)),41),(((16,22),19),((17,18),(20,21))))),(26,27)),(30,((((31,((36,39),(37,38))),33),35),((32,40),34)))),(23,25))),49),47),(46,48)),(45,50),51); 4
(((((1,((((((((2,((4,(6,10)),7)),9),((3,(5,12)),(8,11))),28),((((13,29),((14,15),41)),((24,(43,44)),42)),(((16,22),19),((17,18),(20,21))))),(26,27)),(30,(((((31,37),38),(36,39)),(33,35)),((32,40),34)))),(23,25))),49),47),(46,48)),(45,50),51); 4
(((((1,((((((((2,((4,(6,10)),7)),9),((3,(5,12)),(8,11))),28),((((13,29),(14,15)),(((24,(43,44)),42),41)),(((16,22),19),((17,18),(20,21))))),(26,27)),(30,(((((31,(37,38)),(36,39)),33),35),((32,40),34)))),(23,25))),49),47),(46,48)),(45,50),51); 4
(((((1,((((((((2,((4,(6,10)),7)),9),((3,(5,12)),(8,11))),28),((((13,29),(14,15)),(((24,(43,44)),42),41)),(((16,22),19),((17,18),(20,21))))),(26,27)),(30,(((((31,37),38),(36,39)),(33,35)),((32,40),34)))),(23,25))),49),47),(46,48)),(45,50),51); 4
(((((1,((((((((2,((4,(6,10)),7)),9),((3,(5,12)),(8,11))),28),((((13,29),(14,15)),(((24,(43,44)),42),41)),(((16,22),19),((17,18),(20,21))))),(26,27)),(30,((((31,35),33),(((36,39),38),37)),((32,40),34)))),(23,25))),49),47),(46,48)),(45,50),51); 4
(((((1,((((((((2,((4,7),(6,10))),9),((3,(5,12)),(8,11))),28),(((((13,29),(14,15)),41),((24,(43,44)),42)),(((16,22),19),((17,18),(20,21))))),(26,27)),(30,((((31,(37,38)),(36,39)),(33,35)),((32,40),34)))),(23,25))),49),47),(46,48)),(45,50),51); 4
(((((1,((((((((2,((4,7),(6,10))),9),((3,(5,12)),(8,11))),28),(26,27)),(((((13,29),(14,15)),41),((24,(43,44)),42)),(((16,22),19),((17,18),(20,21))))),(30,((((31,(37,38)),(36,39)),(33,35)),((32,40),34)))),(23,25))),49),47),(46,48)),(45,50),51); 4
(((((1,(((((((2,((4,(6,10)),7)),9),((3,(5,12)),(8,11))),28),((((((13,29),(14,15)),41),(24,(42,(43,44)))),(((16,22),19),((17,18),(20,21)))),(26,27))),(30,((((31,(37,38)),(36,39)),(33,35)),((32,40),34)))),(23,25))),49),47),(46,48)),(45,50),51); 4
((((((((1,(23,25)),(30,((((31,(37,38)),(36,39)),(33,35)),((32,40),34)))),((((((2,((4,(6,10)),7)),9),((3,(5,12)),(8,11))),28),(((((13,(43,44)),24),42),(((14,15),41),29)),(((16,22),19),((17,18),(20,21))))),(26,27))),49),47),50),45),(46,48),51); 3
((((((((1,(30,((((31,(37,38)),(36,39)),(33,35)),((32,40),34)))),23),(((((2,((4,(6,10)),7)),9),((3,(5,12)),(8,11))),28),((((((13,29),(14,15)),41),((24,(43,44)),42)),(((16,22),19),((17,18),(20,21)))),(26,27)))),25),49),47),(46,48)),(45,50),51); 3
(((((((1,(23,25)),(30,((((31,35),((36,39),38)),(33,37)),((32,40),34)))),((((((2,((4,(6,10)),7)),9),((3,(5,12)),(8,11))),28),((((13,(24,(43,44))),29),(41,42)),((14,15),(((16,22),19),((17,18),(20,21)))))),(26,27))),49),47),(46,48)),(45,50),51); 3
(((((1,(((((((((2,((4,(6,10)),7)),9),((3,(5,12)),(8,11))),28),(((((13,29),(14,15)),41),((24,(43,44)),42)),(((16,22),19),((17,18),(20,21))))),(26,27)),(30,((((31,(37,38)),(36,39)),(33,35)),((32,40),34)))),25),23)),49),47),(46,48)),(45,50),51); 3
(((((1,((((((((2,((4,(6,10)),7)),9),((3,(5,12)),(8,11))),28),((((((13,29),(14,15)),41),(24,(42,(43,44)))),(((16,22),19),((17,18),(20,21)))),(26,27))),23),(30,((((31,(37,38)),(36,39)),(33,35)),((32,40),34)))),25)),49),47),(46,48)),(45,50),51); 3
(((((1,((((((((2,((4,(6,10)),7)),9),((3,(5,12)),(8,11))),28),(((((13,29),((14,15),41)),((24,(43,44)),42)),(((16,22),19),((17,18),(20,21)))),(26,27))),23),(30,((((31,(37,38)),(36,39)),(33,35)),((32,40),34)))),25)),49),47),(46,48)),(45,50),51); 3
(((((1,((((((((2,((4,(6,10)),7)),9),((3,(5,12)),(8,11))),28),(((((13,29),(14,15)),41),((24,(43,44)),42)),(((16,22),19),((17,18),(20,21))))),(26,27)),(30,(((((31,(37,38)),(36,39)),33),35),((32,40),34)))),(23,25))),49),47),(46,48)),(45,50),51); 3
(((((1,((((((((2,((4,(6,10)),7)),9),((3,(5,12)),(8,11))),28),((((13,((24,(43,44)),42)),((14,15),41)),29),(((16,22),19),((17,18),(20,21))))),(26,27)),(30,((((31,(37,38)),(36,39)),(33,35)),((32,40),34)))),(23,25))),49),47),(46,48)),(45,50),51); 3
(((((1,((((((((2,((4,(6,10)),7)),9),((3,(5,12)),(8,11))),28),((((13,29),(14,15)),(((24,(43,44)),42),41)),(((16,22),19),((17,18),(20,21))))),(26,27)),(30,(((((31,35),33),(37,38)),(36,39)),((32,40),34)))),(23,25))),49),47),(46,48)),(45,50),51); 3
(((((1,((((((((2,((4,(6,10)),7)),9),((3,(8,11)),(5,12))),28),((((13,(24,(43,44))),42),(((14,15),29),41)),(((16,22),19),((17,18),(20,21))))),(26,27)),(30,((((31,(37,38)),(36,39)),(33,35)),((32,40),34)))),(23,25))),49),47),(46,48)),(45,50),51); 3
(((((1,((((((((2,((4,(6,10)),7)),9),((3,(8,11)),(5,12))),28),(((13,((24,(43,44)),42)),((14,15),(29,41))),(((16,22),19),((17,18),(20,21))))),(26,27)),(30,((((31,(37,38)),(36,39)),(33,35)),((32,40),34)))),(23,25))),49),47),(46,48)),(45,50),51); 3
(((((1,((((((((2,((4,7),(6,10))),9),((3,(5,12)),(8,11))),28),(((((13,(43,44)),24),42),(((14,15),41),29)),(((16,22),19),((17,18),(20,21))))),(26,27)),(30,((((31,(37,38)),(36,39)),(33,35)),((32,40),34)))),(23,25))),49),47),(46,48)),(45,50),51); 3
(((((1,((((((((2,((4,7),(6,10))),9),((3,(5,12)),(8,11))),28),(((((13,29),(14,15)),41),((24,(43,44)),42)),(((16,22),19),((17,18),(20,21))))),(26,27)),23),(25,(30,((((31,(37,38)),(36,39)),(33,35)),((32,40),34)))))),49),47),(46,48)),(45,50),51); 3
(((((1,((((((((2,((4,7),(6,10))),9),((3,(5,12)),(8,11))),28),((((13,29),((24,(43,44)),42)),((14,15),41)),(((16,22),19),((17,18),(20,21))))),(26,27)),(30,((((31,(37,38)),(36,39)),(33,35)),((32,40),34)))),(23,25))),49),47),(46,48)),(45,50),51); 3
(((((1,(((((((2,((4,(6,10)),7)),9),((3,(5,12)),(8,11))),28),((((((13,(43,44)),24),42),(14,15)),(29,41)),(((16,22),19),((17,18),(20,21))))),(26,27)),((23,25),(30,((((31,(37,38)),(36,39)),(33,35)),((32,40),34)))))),49),47),(46,48)),(45,50),51); 3
(((((1,(((((((2,((4,(6,10)),7)),9),((3,(5,12)),(8,11))),28),(((((13,(24,(43,44))),42),(14,15)),(29,41)),(((16,22),19),((17,18),(20,21))))),(26,27)),((23,25),(30,((((31,(37,38)),(36,39)),(33,35)),((32,40),34)))))),49),47),(46,48)),(45,50),51); 3
(((((1,(((((((2,((4,(6,10)),7)),9),((3,(5,12)),(8,11))),28),(((((13,29),((14,15),41)),((24,(43,44)),42)),(((16,22),19),((17,18),(20,21)))),(26,27))),(30,((((31,(37,38)),(33,35)),(36,39)),((32,40),34)))),(23,25))),49),47),(46,48)),(45,50),51); 3
(((((1,(((((((2,((4,(6,10)),7)),9),((3,(5,12)),(8,11))),28),(((((13,29),(14,15)),(((24,(43,44)),42),41)),(((16,22),19),((17,18),(20,21)))),(26,27))),(30,(((((31,37),38),(36,39)),(33,35)),((32,40),34)))),(23,25))),49),47),(46,48)),(45,50),51); 3
(((((1,(((((((2,((4,(6,10)),7)),9),((3,(5,12)),(8,11))),28),(((((13,29),(14,15)),(((24,(43,44)),42),41)),(((16,22),19),((17,18),(20,21)))),(26,27))),(30,(((((31,38),37),(36,39)),(33,35)),((32,40),34)))),(23,25))),49),47),(46,48)),(45,50),51); 3
(((((1,(((((((2,((4,(6,10)),7)),9),((3,(8,11)),(5,12))),28),(((((13,29),(14,15)),(((24,(43,44)),42),41)),(((16,22),19),((17,18),(20,21)))),(26,27))),(30,((((31,(37,38)),(36,39)),(33,35)),((32,40),34)))),(23,25))),49),47),(46,48)),(45,50),51); 3
(((((1,(((((((2,((4,7),(6,10))),9),((3,(5,12)),(8,11))),28),((((((13,29),(14,15)),41),((24,(43,44)),42)),(((16,22),19),((17,18),(20,21)))),(26,27))),(30,((((31,(37,38)),(36,39)),(33,35)),((32,40),34)))),(23,25))),49),47),(46,48)),(45,50),51); 3
(((((1,(((((((2,((4,7),(6,10))),9),((3,(5,12)),(8,11))),28),((((((13,29),(14,15)),41),((24,(43,44)),42)),(((16,22),19),((17,18),(20,21)))),(26,27))),23),(25,(30,(((31,((36,39),(37,38))),(33,35)),((32,40),34)))))),49),47),(46,48)),(45,50),51); 3
(((1,((((((((2,((4,(6,10)),7)),9),((3,(5,12)),(8,11))),28),(((((13,29),(14,15)),41),((24,(43,44)),42)),(((16,22),19),((17,18),(20,21))))),(26,27)),(30,((((31,(37,38)),(36,39)),(33,35)),((32,40),34)))),(23,25))),((46,48),(47,49))),(45,50),51); 3
(((((((((((1,30),(23,25)),(((31,((36,39),(37,38))),(33,35)),((32,40),34))),(((((2,((4,7),(6,10))),9),((3,(5,12)),(8,11))),28),(((13,((14,42),(24,(43,44)))),((15,29),41)),(((16,22),19),((17,18),(20,21)))))),27),26),49),47),45),50),(46,48),51); 2
((((((((((1,(23,25)),(30,(((31,((36,39),(37,38))),(33,35)),((32,40),34)))),(((((2,((4,7),(6,10))),9),((3,(5,12)),(8,11))),28),((((13,(24,(43,44))),(14,42)),((15,29),41)),(((16,22),19),((17,18),(20,21)))))),27),26),49),47),50),45),(46,48),51); 2
((((((((((1,(30,((31,(((((32,40),34),37),33),35)),((36,39),38)))),25),23),(((((2,((4,(6,10)),7)),9),((((3,(5,12)),8),11),13)),(26,27)),28)),((15,24),((29,41),42))),((((16,22),19),((17,18),(20,21))),(43,44))),14),(47,49)),(46,48)),(45,50),51); 2
(((((((((1,(30,((((31,(37,38)),(36,39)),(33,35)),((32,40),34)))),25),23),(((((((2,((4,(6,10)),7)),9),((3,(5,12)),(8,11))),28),((((13,(24,(43,44))),42),((14,15),41)),29)),(((16,22),19),((17,18),(20,21)))),(26,27))),49),47),45),50),(46,48),51); 2
((((((((1,(23,25)),(30,((((31,(37,38)),(36,39)),(33,35)),((32,40),34)))),(((((((2,((4,(6,10)),7)),9),((3,(5,12)),(8,11))),28),(((((13,(43,44)),24),42),((14,15),41)),29)),(((16,22),19),((17,18),(20,21)))),(26,27))),49),47),50),45),(46,48),51); 2
((((((((1,(30,((((31,(37,38)),(36,39)),(33,35)),((32,40),34)))),23),((((((2,((4,7),(6,10))),9),((3,(5,12)),(8,11))),28),(((((13,29),(14,15)),41),((24,(43,44)),42)),(((16,22),19),((17,18),(20,21))))),(26,27))),25),49),47),(46,48)),(45,50),51); 2
((((((((1,23),25),(30,((((31,35),((36,39),38)),(33,37)),((32,40),34)))),((((((2,((4,(6,10)),7)),9),((3,(8,11)),(5,12))),28),((((13,(43,44)),24),(29,(41,42))),((14,15),((16,(19,22)),((17,18),(20,21)))))),(26,27))),49),47),(46,48)),(45,50),51); 2
((((((((1,30),23),(((((((2,((4,(6,10)),7)),9),((3,(5,12)),(8,11))),28),(((((13,29),(14,15)),41),((24,(43,44)),42)),(((16,22),19),((17,18),(20,21))))),(26,27)),((((31,(37,38)),(36,39)),(33,35)),((32,40),34)))),25),49),47),(46,48)),(45,50),51); 2
((((((((1,30),23),((((((2,((4,(6,10)),7)),9),((3,(5,12)),(8,11))),28),((((((13,29),(14,15)),((24,(43,44)),42)),41),(((16,22),19),((17,18),(20,21)))),(26,27))),((((31,(37,38)),(36,39)),(33,35)),((32,40),34)))),25),49),47),(46,48)),(45,50),51); 2
(((((((1,(23,25)),(30,((((31,(37,38)),(36,39)),(33,35)),((32,40),34)))),((((((2,((4,(6,10)),7)),9),((3,(5,12)),(8,11))),28),(((((13,(43,44)),24),42),(((14,15),41),29)),(((16,22),19),((17,18),(20,21))))),(26,27))),49),47),(46,48)),(45,50),51); 2
(((((((1,(23,25)),(30,((((31,(37,38)),(36,39)),(33,35)),((32,40),34)))),((((((2,((4,(6,10)),7)),9),((3,(5,12)),(8,11))),28),(((((13,(43,44)),24),42),(((14,15),41),29)),(((16,22),19),((17,18),(20,21))))),(26,27))),49),47),50),(45,(46,48)),51); 2
(((((((1,(23,25)),(30,((((31,(37,38)),(36,39)),(33,35)),((32,40),34)))),((((((2,((4,(6,10)),7)),9),((3,(5,12)),(8,11))),28),((((13,(43,44)),24),42),((((14,15),41),29),(((16,22),19),((17,18),(20,21)))))),(26,27))),49),47),(46,48)),(45,50),51); 2
(((((((1,(30,((((31,(37,38)),(36,39)),(33,35)),((32,40),34)))),23),(((((((2,((4,(6,10)),7)),9),((3,(5,12)),(8,11))),28),((((13,29),(14,15)),(((24,(43,44)),42),41)),(((16,22),19),((17,18),(20,21))))),(26,27)),25)),49),47),(46,48)),(45,50),51); 2
(((((((1,(30,((((31,35),((36,39),38)),(33,37)),((32,40),34)))),(23,25)),((((((2,((4,7),(6,10))),9),((3,(5,12)),(8,11))),28),(26,27)),(((((13,(24,(43,44))),(41,42)),29),(14,15)),(((16,22),19),((17,18),(20,21)))))),49),47),(46,48)),(45,50),51); 2
(((((((1,(30,((((31,35),((36,39),38)),(33,37)),((32,40),34)))),(23,25)),((((((2,((4,7),(6,10))),9),((3,(5,12)),(8,11))),28),(26,27)),((((13,(24,(43,44))),(41,42)),((14,15),29)),(((16,22),19),((17,18),(20,21)))))),49),47),(46,48)),(45,50),51); 2
(((((((1,30),((((((((2,((4,(6,10)),7)),9),((3,(5,12)),(8,11))),28),((((13,29),(14,15)),(((24,(43,44)),42),41)),(((16,22),19),((17,18),(20,21))))),(26,27)),(((((31,(37,38)),(36,39)),33),35),((32,40),34))),25)),23),49),47),(46,48)),(45,50),51); 2
(((((1,(((((((((2,((4,7),(6,10))),9),((3,(5,12)),(8,11))),28),(((((13,29),(14,15)),41),((24,(43,44)),42)),(((16,22),19),((17,18),(20,21))))),(26,27)),23),25),(30,((((31,(37,38)),(36,39)),(33,35)),((32,40),34))))),49),47),(46,48)),(45,50),51); 2
(((((1,((((((((2,((4,(6,10)),7)),9),((3,(5,12)),(8,11))),28),(((((13,(24,(43,44))),42),((14,15),41)),29),(((16,22),19),((17,18),(20,21))))),(26,27)),(30,(((((31,37),38),(36,39)),(33,35)),((32,40),34)))),(23,25))),49),47),(46,48)),(45,50),51); 2
(((((1,((((((((2,((4,(6,10)),7)),9),((3,(5,12)),(8,11))),28),(((((13,(24,(43,44))),42),(14,15)),(29,41)),(((16,22),19),((17,18),(20,21))))),(26,27)),(30,((((31,(37,38)),(36,39)),(33,35)),((32,40),34)))),(23,25))),49),47),(46,48)),(45,50),51); 2
(((((1,((((((((2,((4,(6,10)),7)),9),((3,(5,12)),(8,11))),28),((((13,(24,(43,44))),42),((14,15),(29,41))),(((16,22),19),((17,18),(20,21))))),(26,27)),(30,((((31,(37,38)),(36,39)),(33,35)),((32,40),34)))),(23,25))),49),47),(46,48)),(45,50),51); 2
(((((1,((((((((2,((4,(6,10)),7)),9),((3,(5,12)),(8,11))),28),((((13,29),(14,15)),((24,(42,(43,44))),41)),(((16,22),19),((17,18),(20,21))))),(26,27)),(30,((((31,(37,38)),(36,39)),(33,35)),((32,40),34)))),(23,25))),49),47),(46,48)),(45,50),51); 2
(((((1,((((((((2,((4,(6,10)),7)),9),((3,(5,12)),(8,11))),28),(((13,((24,(43,44)),42)),(((14,15),29),41)),(((16,22),19),((17,18),(20,21))))),(26,27)),(30,((((31,(37,38)),(36,39)),(33,35)),((32,40),34)))),(23,25))),49),47),(46,48)),(45,50),51); 2
(((((1,((((((((2,((4,(6,10)),7)),9),((3,(5,12)),(8,11))),28),(26,27)),(((13,((24,(43,44)),42)),(((14,15),29),41)),(((16,22),19),((17,18),(20,21))))),(30,(((((31,37),38),(36,39)),(33,35)),((32,40),34)))),(23,25))),49),47),(46,48)),(45,50),51); 2
(((((1,((((((((2,((4,7),(6,10))),9),((3,(5,12)),(8,11))),28),(((((13,((24,(43,44)),42)),(14,15)),29),41),(((16,22),19),((17,18),(20,21))))),(26,27)),(30,((((31,(37,38)),(36,39)),(33,35)),((32,40),34)))),(23,25))),49),47),(46,48)),(45,50),51); 2
(((((1,((((((((2,((4,7),(6,10))),9),((3,(5,12)),(8,11))),28),((((13,((24,(43,44)),42)),(29,41)),(14,15)),(((16,22),19),((17,18),(20,21))))),(26,27)),(30,((((31,(37,38)),(36,39)),(33,35)),((32,40),34)))),(23,25))),49),47),(46,48)),(45,50),51); 2
(((((1,((((((((2,((4,7),(6,10))),9),((3,(5,12)),(8,11))),28),((((13,29),((14,15),41)),((24,(43,44)),42)),(((16,22),19),((17,18),(20,21))))),(26,27)),(30,((((31,(37,38)),(36,39)),(33,35)),((32,40),34)))),(23,25))),49),47),(46,48)),(45,50),51); 2
(((((1,((((((((2,((4,7),(6,10))),9),((3,(5,12)),(8,11))),28),((((13,29),(14,15)),(((24,(43,44)),42),41)),(((16,22),19),((17,18),(20,21))))),(26,27)),(30,(((((31,38),37),(36,39)),(33,35)),((32,40),34)))),(23,25))),49),47),(46,48)),(45,50),51); 2
(((((1,((((((((2,((4,7),(6,10))),9),((3,(5,12)),(8,11))),28),((((13,29),(14,15)),(((24,(43,44)),42),41)),(((16,22),19),((17,18),(20,21))))),(26,27)),(30,((((31,(37,38)),(36,39)),(33,35)),((32,40),34)))),(23,25))),49),47),(46,48)),(45,50),51); 2
(((((1,((((((((2,((4,7),(6,10))),9),((3,(5,12)),(8,11))),28),(((13,((24,(43,44)),42)),(((14,15),41),29)),(((16,22),19),((17,18),(20,21))))),(26,27)),(30,((((31,(37,38)),(36,39)),(33,35)),((32,40),34)))),(23,25))),49),47),(46,48)),(45,50),51); 2
(((((1,((((((((2,((4,7),(6,10))),9),((3,(5,12)),(8,11))),28),(26,27)),((((13,29),((14,15),41)),((24,(43,44)),42)),(((16,22),19),((17,18),(20,21))))),(30,((((31,(37,38)),(36,39)),(33,35)),((32,40),34)))),(23,25))),49),47),(46,48)),(45,50),51); 2
(((((1,(((((((2,((4,(6,10)),7)),9),((3,(5,12)),(8,11))),28),((((((13,(24,(43,44))),42),((14,15),41)),29),(((16,22),19),((17,18),(20,21)))),(26,27))),(30,((((31,(37,38)),(36,39)),(33,35)),((32,40),34)))),(23,25))),49),47),(46,48)),(45,50),51); 2
(((((1,(((((((2,((4,(6,10)),7)),9),((3,(5,12)),(8,11))),28),(((((13,29),((14,15),41)),((24,(43,44)),42)),(((16,22),19),((17,18),(20,21)))),(26,27))),23),(25,(30,(((((31,38),37),(36,39)),(33,35)),((32,40),34)))))),49),47),(46,48)),(45,50),51); 2
(((((1,(((((((2,((4,7),(6,10))),9),((3,(5,12)),(8,11))),28),((((((13,29),(14,15)),41),((24,(43,44)),42)),(((16,22),19),((17,18),(20,21)))),(26,27))),23),(25,(30,((((31,(37,38)),(36,39)),(33,35)),((32,40),34)))))),49),47),(46,48)),(45,50),51); 2
(((((1,(((((((2,((4,7),(6,10))),9),((3,(5,12)),(8,11))),28),(((((13,(24,(43,44))),42),(((14,15),41),29)),(((16,22),19),((17,18),(20,21)))),(26,27))),(30,((((31,(37,38)),(36,39)),(33,35)),((32,40),34)))),(23,25))),49),47),(46,48)),(45,50),51); 2
(((((1,(((((((2,((4,7),(6,10))),9),((3,(5,12)),(8,11))),28),(((((13,29),((24,(43,44)),42)),((14,15),41)),(((16,22),19),((17,18),(20,21)))),(26,27))),(30,((((31,(37,38)),(36,39)),(33,35)),((32,40),34)))),(23,25))),49),47),(46,48)),(45,50),51); 2
(((((((((((((((((((((1,(14,29)),2),((3,((((4,(6,10)),7),9),((5,12),8))),11)),19),(13,15)),(26,34)),(24,(41,42))),25),45),31),(32,40)),36),(((33,35),39),(37,38))),30),(27,(28,(43,44)))),23),(16,22)),((17,(20,21)),18)),49),47),((46,50),48),51); 1
((((((((((((((((((((1,(((2,(((4,(6,10)),7),9)),16),(14,29))),19),(17,18)),(((3,8),11),(5,12))),(31,45)),34),26),25),24),(32,40)),36),(13,15)),(27,((30,37),((33,(35,39)),38)))),(((28,41),42),(43,44))),23),22),(20,21)),47),49),(46,(48,50)),51); 1
((((((((((((((((((((1,(14,29)),(2,16)),((3,(((((4,(6,10)),7),9),(5,12)),8)),11)),19),34),26),25),(31,45)),(24,(41,42))),(32,40)),((13,15),36)),(30,((33,(35,39)),(37,38)))),27),(28,(43,44))),23),22),((17,18),(20,21))),49),47),(46,(48,50)),51); 1
((((((((((((((((((((1,2),((((((3,(((4,(6,10)),7),9)),((5,12),8)),11),29),14),19)),(13,15)),(24,(41,42))),25),(26,34)),31),(32,40)),(((33,35),39),36)),(37,38)),30),(27,(28,(43,44)))),23),(16,22)),((17,(20,21)),18)),49),47),48),46),(45,50),51); 1
(((((((((((((((((((1,(((2,(((4,(6,10)),7),9)),16),(14,29))),19),(17,18)),34),(5,11)),31),45),26),25),24),(32,40)),36),(3,8)),(13,15)),49),(((((12,((20,(21,47)),22)),23),(28,(41,(43,44)))),42),(((30,37),(33,(35,39))),38))),27),46),(48,50),51); 1
(((((((((((((((((((1,(6,43)),(14,25)),(10,48)),32),((3,((9,((26,(31,45)),36)),13)),42)),((15,(22,34)),((20,35),47))),(5,16)),50),41),27),(39,46)),49),28),(37,44)),11),((2,(18,30)),(12,40))),((4,((17,21),((23,29),(24,(33,38))))),8)),19),7,51); 1
(((((((((((((((((((1,2),((((3,(((4,(6,10)),7),9)),((5,12),8)),11),(14,29))),19),(13,15)),(24,(41,42))),(26,34)),25),31),(32,40)),36),(((33,35),39),(37,38))),30),(27,(28,(43,44)))),23),(16,22)),((17,(20,21)),18)),49),47),(((45,50),46),48),51); 1
((((((((((((((((((1,(14,29)),2),((3,((((4,(6,10)),7),9),((5,12),8))),11)),19),((13,15),(26,34))),(25,(31,45))),(24,(41,42))),(32,40)),36),(((33,35),39),(37,38))),30),(27,(28,(43,44)))),23),(16,22)),((17,18),(20,21))),49),47),((46,50),48),51); 1
((((((((((((((((((1,23),25),15),((13,29),14)),(24,(26,27))),(41,42)),28),(6,10)),4),7),(((2,(16,((((17,(20,21)),18),22),19))),9),(3,((5,12),8)))),(11,(43,44))),(((((((((30,(36,39)),38),37),31),35),33),32),40),34)),49),47),45),(46,48)),50,51); 1
(((((((((((((((((1,30),(26,34)),((((31,(33,35)),((36,39),37)),38),(32,40))),23),27),25),(((((((2,((4,(6,10)),7)),9),3),((5,12),8)),11),28),(43,44))),15),13),(24,(41,42))),(16,22)),(((14,29),19),((17,(20,21)),18))),49),47),48),46),(45,50),51); 1
((((((((((((((((1,(43,(45,50))),(13,(14,29))),4),3),27),(((2,7),((8,12),(34,47))),28)),24),23),(33,40)),15),(11,(16,44))),(((((((((6,(38,39)),((19,(20,48)),26)),((9,22),17)),21),42),(((18,49),41),((30,35),36))),32),31),37)),25),5),10),46,51); 1
((((((((((((((((1,23),25),15),((13,29),14)),(24,(26,27))),(41,42)),28),(6,10)),4),7),((((2,(16,((((17,(20,21)),18),22),19))),9),((3,8),(5,12))),(11,(43,44)))),(((((30,35),(31,((36,39),(37,38)))),(32,33)),40),34)),49),47),(45,(46,48))),50,51); 1
((((((((((((((((1,30),(26,34)),(((31,(((33,35),(36,39)),37)),38),(32,40))),23),27),25),(28,(43,44))),15),(13,(24,(41,42)))),(16,22)),((((((((((2,((4,(6,10)),7)),9),3),((5,12),8)),11),29),14),19),18),(17,(20,21)))),49),47),48),46),(45,50),51); 1
(((((((((((((((1,23),25),((13,29),14)),((15,(26,27)),24)),(41,42)),28),(((2,(16,((((17,(20,21)),18),22),19))),(7,9)),(4,(6,10)))),((3,(5,12)),8)),(11,(43,44))),((((((((30,(36,39)),(37,38)),31),35),33),32),40),34)),49),47),45),(46,48)),50,51); 1
(((((((((((((((1,23),25),15),((13,29),14)),((24,(26,27)),(41,42))),28),(6,10)),(4,7)),(11,(43,44))),((2,(9,(16,((((17,(20,21)),18),22),19)))),((3,8),(5,12)))),(((((30,35),((31,(37,38)),(36,39))),(32,33)),40),34)),49),47),(45,(46,48))),50,51); 1
(((((((((((((((1,30),23),25),(((13,(16,(((17,(20,21)),18),(19,22)))),29),14)),(41,42)),(15,(24,(26,27)))),28),((((2,7),(4,(6,10))),9),((3,(5,12)),8))),(11,(43,44))),(((((31,((36,39),(37,38))),35),33),(32,40)),34)),49),47),45),(46,48)),50,51); 1
((((((((((((((1,((13,29),14)),((2,4),3)),(((15,23),((((((((19,26),42),(((30,35),(36,(38,39))),(41,49))),32),37),31),33),40)),24)),(25,46)),27),(6,10)),28),((((9,((17,(((18,48),20),21)),22)),16),11),(43,44))),7),((5,12),8)),34),47),50),45,51); 1
((((((((((((((1,(25,(46,49))),((13,29),14)),(2,3)),(((15,23),((((((((19,26),42),41),((30,(35,(36,(38,39)))),32)),37),31),33),40)),24)),27),(6,10)),28),(((9,((17,((18,48),(20,21))),22)),16),(11,(43,44)))),(4,7)),((5,12),8)),34),47),45),50,51); 1
((((((((((((((1,25),((13,29),14)),(((2,28),26),3)),27),((15,23),(((((((30,(35,(36,39))),32),(41,42)),(37,38)),31),33),40))),24),(6,10)),(((9,((17,((18,((46,49),48)),(20,21))),22)),(16,19)),(11,(43,44)))),(4,7)),((5,12),8)),34),47),45),50,51); 1
((((((((((((((1,25),((13,29),14)),((2,3),28)),((15,23),((((((30,(35,(36,39))),32),(41,42)),(31,(37,38))),33),40))),(26,27)),24),(6,10)),(((9,((17,((18,((46,49),48)),(20,21))),22)),(16,19)),(11,(43,44)))),(4,7)),((5,12),8)),34),47),45),50,51); 1
((((((((((((((1,25),((13,29),14)),28),((15,23),(((((((30,35),(36,39)),(31,(37,38))),32),(41,42)),33),40))),(26,27)),24),(6,10)),(11,(43,44))),(4,7)),((((2,((9,(((17,18),(20,21)),22)),(16,19))),3),8),(5,12))),34),47),(45,((46,49),48))),50,51); 1
((((((((((((((1,30),(((26,27),34),(((((31,(33,35)),(36,39)),37),38),(32,40)))),23),((((((((2,((4,(6,10)),7)),9),3),((5,12),8)),11),28),(43,44)),25)),(24,(41,42))),(13,15)),(16,(19,22))),((17,(20,21)),18)),(14,29)),47),49),48),46),(45,50),51); 1
((((((((((((((1,30),23),25),14),(((((13,(16,(((17,(20,21)),18),(19,22)))),29),15),(24,(26,27))),(41,42))),28),(((2,((4,7),(6,10))),9),((3,(5,12)),(8,11)))),(43,44)),(((((31,((36,39),(37,38))),35),33),(32,40)),34)),49),47),45),(46,48)),50,51); 1
((((((((((((((1,30),23),25),14),(((((13,29),(15,(16,(((17,18),(20,21)),(19,22))))),24),(26,27)),(41,42))),28),(((2,((4,(6,10)),7)),9),((3,(5,12)),(8,11)))),(43,44)),((((31,((36,39),(37,38))),35),33),((32,40),34))),49),47),45),(46,48)),50,51); 1
((((((((((((((1,30),23),25),14),(((((13,29),(15,(16,(((17,18),(20,21)),(19,22))))),24),(41,42)),(26,27))),28),(((2,((4,(6,10)),7)),9),((3,(5,12)),(8,11)))),(43,44)),((((31,((36,39),(37,38))),35),33),((32,40),34))),49),47),45),(46,48)),50,51); 1
(((((((((((((1,((23,25),30)),(((((((20,21),29),((24,(27,41)),36)),39),31),35),37)),33),((32,40),34)),38),14),(3,12)),((13,(((17,18),42),49)),15)),28),((((((2,9),4),(6,10)),7),((5,8),11)),(43,44))),(16,(19,22))),45),((((26,50),47),48),46),51); 1
(((((((((((((1,25),(15,23)),((13,29),14)),((24,(26,27)),(41,42))),28),(6,10)),(11,(43,44))),(4,7)),(((2,(9,(16,((((17,(20,21)),18),22),19)))),3),((5,12),8))),(((((((30,(36,39)),35),(31,(37,38))),32),33),40),34)),47),((45,49),(46,48))),50,51); 1
(((((((((((((1,30),(((23,27),((31,(((((33,35),39),36),37),38)),(32,40))),(26,34))),((24,(41,42)),25)),(28,(43,44))),15),13),(16,22)),((((((((((2,((4,(6,10)),7)),9),3),((5,12),8)),11),29),14),19),18),(17,(20,21)))),49),47),48),46),(45,50),51); 1
(((((((((((((1,30),(23,25)),14),(((((13,29),(15,((16,(19,22)),((17,18),(20,21))))),24),(41,42)),(26,27))),28),(((2,((4,(6,10)),7)),9),((3,(5,12)),(8,11)))),(43,44)),((((31,((36,39),(37,38))),35),33),((32,40),34))),49),47),45),(46,48)),50,51); 1
((((((((((((1,30),(23,25)),(((((((13,29),15),((16,(19,22)),((17,18),(20,21)))),(41,42)),24),(26,27)),14)),(43,44)),28),(((2,((4,7),(6,10))),9),((3,(5,12)),(8,11)))),((((31,((36,39),(37,38))),35),33),((32,40),34))),49),47),45),50),(46,48),51); 1
((((((((((((1,30),25),23),((((((13,29),15),((16,(19,22)),((17,18),(20,21)))),(41,42)),24),(14,(26,27)))),(43,44)),((((2,((4,7),(6,10))),9),((3,(5,12)),(8,11))),28)),((((31,((36,39),(37,38))),35),33),((32,40),34))),49),47),45),50),(46,48),51); 1
((((((((((((1,30),25),23),(((((13,29),15),((16,(19,22)),((17,18),(20,21)))),(24,(41,42))),(14,(26,27)))),(43,44)),((((2,((4,7),(6,10))),9),((3,(5,12)),(8,11))),28)),((((31,((36,39),(37,38))),35),33),((32,40),34))),49),47),45),50),(46,48),51); 1
(((((((((((1,(30,(((31,(((((32,40),34),37),33),35)),(36,39)),38))),23),25),(((((2,((4,(6,10)),7)),9),(((3,(5,12)),8),(11,13))),(26,27)),28)),((15,24),((29,41),42))),((((16,22),19),((17,18),(20,21))),(43,44))),14),49),47),(46,48)),(45,50),51); 1
(((((((((((1,(9,12)),23),13),26),(((((((2,50),((3,((5,(33,(34,37))),8)),(4,7))),(6,10)),((11,29),38)),(((18,45),(((28,44),43),41)),(32,40))),31),35)),27),(42,49)),(46,48)),((((((((14,15),24),(20,25)),17),21),(16,19)),22),30)),(36,39)),47,51); 1
(((((((((((1,30),(23,25)),((((31,(33,35)),((36,39),38)),37),((32,40),34))),(((((2,((4,(6,10)),7)),9),(((3,(5,12)),8),11)),28),(((13,((14,42),(24,(43,44)))),((15,29),41)),(((16,22),19),((17,18),(20,21)))))),27),26),49),47),45),(46,48)),50,51); 1
(((((((((((1,30),(23,25)),((((31,(33,35)),((36,39),38)),37),((32,40),34))),(((((2,((4,(6,10)),7)),9),(((3,(5,12)),8),11)),28),(((13,((14,42),(24,(43,44)))),((15,41),29)),(((16,22),19),((17,18),(20,21)))))),27),26),49),47),45),(46,48)),50,51); 1
(((((((((((1,30),(23,25)),(((31,(33,35)),(((36,39),38),37)),((32,40),34))),(((((2,((4,(6,10)),7)),9),((3,(5,12)),(8,11))),28),(((13,((14,42),(24,(43,44)))),((15,41),29)),(((16,22),19),((17,18),(20,21)))))),27),26),49),47),45),(46,48)),50,51); 1
(((((((((((1,30),(23,25)),(((31,(33,35)),((36,39),(37,38))),((32,40),34))),(((((2,((4,7),(6,10))),9),((3,(5,12)),(8,11))),28),(((13,((14,42),(24,(43,44)))),((15,41),29)),(((16,22),19),((17,18),(20,21)))))),27),26),49),47),45),(46,48)),50,51); 1
((((((((((1,(13,(14,29))),(3,4)),24),((((2,(43,44)),((((5,12),8),(34,((45,50),47))),7)),28),27)),(((((((((((9,(17,22)),((20,48),21)),(19,26)),42),(38,39)),((18,(41,49)),((30,35),36))),32),31),37),33),40)),(15,23)),(11,16)),25),(6,10)),46,51); 1
((((((((((1,(30,((((31,(37,38)),(36,39)),(33,35)),((32,40),34)))),(23,25)),(((((2,((4,(6,10)),7)),9),((3,(5,12)),(8,11))),28),((((13,(24,(43,44))),(14,42)),(15,(29,41))),(((16,22),19),((17,18),(20,21)))))),27),26),49),47),45),50),(46,48),51); 1
((((((((((1,23),((((((((((((14,15),25),24),17),20),21),(16,19)),22),30),(46,48)),(42,49)),(26,27))),((9,12),13)),35),31),((((((2,50),(3,((5,((33,37),34)),8))),((4,7),(6,10))),(18,45)),((28,(43,44)),41)),(32,40))),(11,29)),(36,39)),38),47,51); 1
((((((((((1,23),(((((((((((14,15),25),24),17),(20,21)),(16,19)),22),30),((46,48),49)),42),(26,27))),13),35),31),((((((((2,9),12),50),((4,7),(6,10))),((3,8),(5,((33,37),34)))),(18,45)),((28,(43,44)),41)),(32,40))),(11,29)),(36,39)),38),47,51); 1
((((((((((1,23),(9,12)),(13,(((((((((((14,15),24),25),(17,20)),21),(16,19)),22),30),(46,48)),(42,49)),(26,27)))),35),31),(((((((2,50),(3,((5,(33,(34,37))),8))),(4,7)),(6,10)),(18,45)),((28,(43,44)),41)),(32,40))),(11,29)),38),(36,39)),47,51); 1
((((((((((1,30),((31,(((((32,40),34),37),33),35)),((36,39),38))),25),23),(((((2,((4,(6,10)),7)),9),((((3,(5,12)),8),11),13)),(26,27)),28)),(((15,24),((29,41),42)),((((16,22),19),((17,18),(20,21))),(43,44)))),14),(47,49)),(46,48)),(45,50),51); 1
((((((((((1,30),(23,25)),(((((31,(33,35)),(36,39)),38),37),((32,40),34))),((((((2,((4,(6,10)),7)),9),(((3,(5,12)),8),11)),28),(((13,((14,42),(24,(43,44)))),(15,(29,41))),(((16,22),19),((17,18),(20,21))))),27)),26),49),47),45),(46,48)),50,51); 1
((((((((((1,30),(23,25)),(((((31,(33,35)),(36,39)),38),37),((32,40),34))),(((((2,((4,(6,10)),7)),9),((3,(5,12)),(8,11))),28),(((13,((((14,42),(43,44)),24),((15,29),41))),(((16,22),19),((17,18),(20,21)))),27))),26),49),47),45),(46,48)),50,51); 1
(((((((((1,(23,25)),(30,(((31,((36,39),(37,38))),(33,35)),((32,40),34)))),(((((2,((4,7),(6,10))),9),((3,(5,12)),(8,11))),28),((((13,(24,(43,44))),(14,42)),((15,41),29)),(((16,22),19),((17,18),(20,21)))))),27),26),49),47),50),(45,(46,48)),51); 1
(((((((((1,30),(((31,(((((32,40),34),37),33),35)),(36,39)),38)),23),25),((((((2,(((4,(6,10)),7),9)),(((3,(5,12)),8),11)),13),28),((((14,(15,24)),((29,41),42)),(43,44)),(((16,22),19),((17,18),(20,21))))),(26,27))),49),47),(46,48)),(45,50),51); 1
(((((((((1,30),(23,25)),(((((31,(33,35)),(36,39)),38),37),((32,40),34))),(((((13,((14,42),(43,44))),24),((15,29),41)),(((16,22),19),((17,18),(20,21)))),27)),((((2,((4,(6,10)),7)),9),((3,(5,12)),(8,11))),28)),26),(47,49)),(45,(46,48))),50,51); 1
(((((((((1,30),(23,25)),(((((31,(33,35)),(36,39)),38),37),((32,40),34))),((((2,((4,(6,10)),7)),9),((3,(5,12)),(8,11))),28)),(((((13,((14,42),(43,44))),24),((15,29),41)),(((16,22),19),((17,18),(20,21)))),27)),26),(47,49)),50),(45,(46,48)),51); 1
(((((((((1,30),(23,25)),(((31,((36,39),(37,38))),(33,35)),((32,40),34))),(((((((((2,7),(6,10)),4),9),(((3,8),(5,12)),11)),28),((((13,(24,(43,44))),42),((14,15),41)),29)),(((16,22),19),((17,18),(20,21)))),(26,27))),49),47),45),50),(46,48),51); 1
((((((((1,(((22,((30,47),36)),(42,49)),48)),((4,50),26)),9),40),12),27),(((11,((14,(15,24)),(20,25))),38),17)),(((((((((((((2,7),(18,45)),19),21),16),((3,((5,(13,23)),(33,(34,37)))),6)),(8,29)),32),((28,44),(39,(43,46)))),41),10),31),35),51); 1
((((((((1,(23,25)),(30,((((31,(37,38)),(36,39)),(33,35)),((32,40),34)))),(((((((2,((4,(6,10)),7)),9),((3,(5,12)),(8,11))),28),(((16,22),19),((17,18),(20,21)))),(((((13,(43,44)),24),42),((14,15),41)),29)),(26,27))),49),47),45),50),(46,48),51); 1
((((((((1,(30,((((31,(33,35)),(((32,40),34),37)),38),(36,39)))),25),23),(((((2,((4,(6,10)),7)),9),(((3,8),(5,12)),11)),28),((((((((13,29),(43,44)),42),(14,15)),(24,41)),(((16,22),19),((17,18),(20,21)))),27),26))),45),(46,48)),(47,49)),50,51); 1
((((((((1,(30,((((31,(37,38)),(36,39)),(33,35)),((32,40),34)))),(23,25)),(((((((2,((4,(6,10)),7)),9),((3,(5,12)),(8,11))),28),(((16,22),19),((17,18),(20,21)))),(((((13,(43,44)),24),42),((14,15),41)),29)),(26,27))),49),47),45),50),(46,48),51); 1
((((((((1,(30,((((31,(37,38)),(36,39)),(33,35)),((32,40),34)))),23),((((((2,((4,(6,10)),7)),9),((3,(5,12)),(8,11))),28),(((((13,29),(14,15)),41),((24,(43,44)),42)),(((16,22),19),((17,18),(20,21))))),(26,27))),25),49),47),(46,48)),(45,50),51); 1
((((((((1,(30,((((31,35),((36,39),38)),(33,37)),((32,40),34)))),23),25),((((((2,((4,(6,10)),7)),9),((3,(5,12)),(8,11))),28),(((((13,(24,(43,44))),(41,42)),29),(14,15)),(((16,22),19),((17,18),(20,21))))),(26,27))),49),47),(46,48)),(45,50),51); 1
((((((((1,(30,((((31,35),((36,39),38)),(33,37)),((32,40),34)))),23),25),((((((2,((4,7),(6,10))),9),((3,(5,12)),(8,11))),28),(26,27)),(((((13,(24,(43,44))),(41,42)),29),(14,15)),(((16,22),19),((17,18),(20,21)))))),49),47),(46,48)),(45,50),51); 1
((((((((1,(30,((((31,35),((36,39),38)),(33,37)),((32,40),34)))),23),25),((((((2,((4,7),(6,10))),9),((3,(5,12)),(8,11))),28),(26,27)),((((13,(24,(43,44))),(41,42)),((14,15),29)),(((16,22),19),((17,18),(20,21)))))),49),47),(46,48)),(45,50),51); 1
((((((((1,(30,(((31,(((((32,40),34),37),33),35)),(36,39)),38))),23),25),(((((((2,((4,(6,10)),7)),9),(((3,(5,12)),8),11)),13),28),((((((14,15),24),(43,44)),42),(29,41)),(((16,22),19),((17,18),(20,21))))),(26,27))),49),47),(46,48)),(45,50),51); 1
((((((((1,(30,((31,(((((32,40),34),37),33),35)),((36,39),38)))),23),25),(((((((2,((4,(6,10)),7)),9),(((3,(5,12)),8),11)),13),28),((((((14,15),24),(43,44)),42),(29,41)),(((16,22),19),((17,18),(20,21))))),(26,27))),49),47),(46,48)),(45,50),51); 1
((((((((1,(30,((31,(((((32,40),34),37),33),35)),((36,39),38)))),23),25),((((((2,(((4,(6,10)),7),9)),(((3,(5,12)),8),11)),13),28),((((14,(15,24)),((29,41),42)),(43,44)),(((16,22),19),((17,18),(20,21))))),(26,27))),49),47),(46,48)),(45,50),51); 1
((((((((1,(30,((31,(((((32,40),34),37),33),35)),((36,39),38)))),23),25),((((((2,(((4,(6,10)),7),9)),((3,(5,12)),(8,11))),13),28),((((14,(15,24)),((29,41),42)),(43,44)),(((16,22),19),((17,18),(20,21))))),(26,27))),49),47),(46,48)),(45,50),51); 1
((((((((1,23),(30,(((31,(((((32,40),34),37),33),35)),(36,39)),38))),25),(((((((2,((4,(6,10)),7)),9),(((3,(5,12)),8),11)),13),28),(((((14,15),(24,(43,44))),42),(29,41)),(((16,22),19),((17,18),(20,21))))),(26,27))),49),47),(46,48)),(45,50),51); 1
((((((((1,23),(30,(((31,(((((32,40),34),37),33),35)),38),(36,39)))),(((((((2,((4,(6,10)),7)),9),(((3,(5,12)),8),11)),13),28),(((((14,15),42),(29,41)),(24,(43,44))),(((16,22),19),((17,18),(20,21))))),(26,27))),25),49),47),(46,48)),(45,50),51); 1
((((((((1,23),(30,(((31,(((((32,40),34),37),33),35)),38),(36,39)))),25),(((((((2,((4,(6,10)),7)),9),(((3,(5,12)),8),11)),13),28),(((((14,15),42),(24,(43,44))),(29,41)),(((16,22),19),((17,18),(20,21))))),(26,27))),49),47),(46,48)),(45,50),51); 1
((((((((1,23),(30,(((31,(((((32,40),34),37),33),35)),38),(36,39)))),25),(((((((2,((4,(6,10)),7)),9),(((3,(5,12)),8),11)),13),28),(((((14,15),42),(29,41)),(24,(43,44))),(((16,22),19),((17,18),(20,21))))),(26,27))),49),47),(46,48)),(45,50),51); 1
((((((((1,30),(((((((2,((4,(6,10)),7)),9),((3,(5,12)),(8,11))),28),((((((13,29),(14,15)),((24,(43,44)),42)),41),(((16,22),19),((17,18),(20,21)))),(26,27))),((((31,((36,39),(37,38))),35),33),((32,40),34))),25)),23),49),47),45),50),(46,48),51); 1
((((((((1,30),(((((((2,((4,(6,10)),7)),9),((3,(5,12)),(8,11))),28),((((((13,29),(14,15)),(24,(42,(43,44)))),41),(((16,22),19),((17,18),(20,21)))),(26,27))),((((31,((36,39),(37,38))),35),33),((32,40),34))),25)),23),49),47),45),50),(46,48),51); 1
((((((((1,30),(((((((2,((4,(6,10)),7)),9),((3,(5,12)),(8,11))),28),((((((13,29),(14,15)),(24,(42,(43,44)))),41),(((16,22),19),((17,18),(20,21)))),(26,27))),(((31,((36,39),(37,38))),(33,35)),((32,40),34))),25)),23),49),47),45),50),(46,48),51); 1
((((((((1,30),(((((((2,((4,(6,10)),7)),9),((3,(5,12)),(8,11))),28),((((((13,29),(14,15)),41),(24,(42,(43,44)))),(((16,22),19),((17,18),(20,21)))),(26,27))),((((31,((36,39),(37,38))),33),35),((32,40),34))),25)),23),49),47),45),50),(46,48),51); 1
((((((((1,30),(((((((2,((4,7),(6,10))),9),((3,(5,12)),(8,11))),28),(((((((13,29),(14,15)),(41,42)),24),(43,44)),(((16,22),19),((17,18),(20,21)))),(26,27))),((((31,((36,39),(37,38))),33),35),((32,40),34))),25)),23),49),47),45),50),(46,48),51); 1
((((((((1,30),((31,(((((32,40),34),37),33),35)),((36,39),38))),25),23),((((((2,(((4,(6,10)),7),9)),(((3,(5,12)),8),11)),13),28),(26,27)),((14,((15,24),((29,41),42))),((((16,22),19),((17,18),(20,21))),(43,44))))),(47,49)),(46,48)),(45,50),51); 1
((((((((1,30),((31,(((((32,40),34),37),33),35)),((36,39),38))),25),23),(((((2,((4,(6,10)),7)),9),((((3,(5,12)),8),11),13)),(26,27)),(((14,((15,24),((29,41),42))),((((16,22),19),((17,18),(20,21))),(43,44))),28))),(47,49)),(46,48)),(45,50),51); 1
((((((((1,30),(23,25)),((((31,35),33),(((36,39),38),37)),((32,40),34))),(((((((((2,4),(6,10)),7),9),(((3,8),(5,12)),11)),28),((((13,(24,(43,44))),((14,15),41)),42),29)),(26,27)),(((16,22),19),((17,(20,21)),18)))),(47,49)),50),45),(46,48),51); 1
((((((((1,30),23),(((((((2,((4,(6,10)),7)),9),((3,(5,12)),(8,11))),28),(((((13,29),(14,15)),41),((24,(43,44)),42)),(((16,22),19),((17,(20,21)),18)))),(26,27)),((((31,(37,38)),(36,39)),(33,35)),((32,40),34)))),25),49),47),(46,48)),(45,50),51); 1
((((((((1,30),23),(((((((2,((4,7),(6,10))),9),((3,(5,12)),(8,11))),28),(26,27)),(((((13,29),(14,15)),41),((24,(43,44)),42)),(((16,22),19),((17,18),(20,21))))),((((31,(37,38)),(36,39)),(33,35)),((32,40),34)))),25),49),47),(46,48)),(45,50),51); 1
((((((((1,30),23),((((((2,((4,(6,10)),7)),9),((3,(5,12)),(8,11))),28),((((((13,29),(14,15)),((24,(43,44)),42)),41),(((16,22),19),((17,18),(20,21)))),(26,27))),(((((31,37),38),(36,39)),(33,35)),((32,40),34)))),25),49),47),(46,48)),(45,50),51); 1
((((((((1,30),23),((((((2,((4,(6,10)),7)),9),((3,(5,12)),(8,11))),28),((((((13,29),(14,15)),((24,(43,44)),42)),41),((16,(19,22)),((17,18),(20,21)))),(26,27))),(((((31,37),38),(36,39)),(33,35)),((32,40),34)))),25),49),47),(46,48)),(45,50),51); 1
((((((((1,30),23),((((((2,((4,(6,10)),7)),9),((3,(5,12)),(8,11))),28),((((((13,29),(14,15)),41),(24,(42,(43,44)))),(((16,22),19),((17,18),(20,21)))),(26,27))),((((31,(37,38)),(36,39)),(33,35)),((32,40),34)))),25),49),47),(46,48)),(45,50),51); 1
((((((((1,30),23),((((((2,((4,(6,10)),7)),9),((3,(5,12)),(8,11))),28),(((((13,29),((14,15),41)),(24,(42,(43,44)))),(((16,22),19),((17,18),(20,21)))),(26,27))),((((31,(37,38)),(36,39)),(33,35)),((32,40),34)))),25),49),47),(46,48)),(45,50),51); 1
((((((((1,30),23),((((((2,((4,(6,10)),7)),9),((3,(5,12)),(8,11))),28),(((((13,29),(14,15)),(((24,(43,44)),42),41)),(((16,22),19),((17,(20,21)),18))),(26,27))),((((31,(37,38)),(36,39)),(33,35)),((32,40),34)))),25),49),47),(46,48)),(45,50),51); 1
((((((((1,30),23),((((((2,((4,(6,10)),7)),9),((3,(5,12)),(8,11))),28),(((((13,29),(14,15)),(((24,(43,44)),42),41)),(((16,22),19),((17,18),(20,21)))),(26,27))),(((((31,38),37),(36,39)),(33,35)),((32,40),34)))),25),49),47),(46,48)),(45,50),51); 1
((((((((1,30),23),((((((2,((4,7),(6,10))),9),((3,(5,12)),(8,11))),28),((((((13,29),(14,15)),41),((24,(43,44)),42)),(((16,22),19),((17,18),(20,21)))),(26,27))),((((31,(37,38)),(36,39)),(33,35)),((32,40),34)))),25),49),47),(45,50)),(46,48),51); 1
((((((((1,30),23),25),(((((31,35),((36,39),38)),37),33),((32,40),34))),(((((((((2,4),7),(6,10)),9),(((3,8),(5,12)),11)),29),((13,((24,(43,44)),41)),(14,15))),(((16,22),19),((17,(20,21)),18))),(((26,27),28),42))),50),(47,49)),(45,(46,48)),51); 1
((((((((1,30),23),25),(((((31,35),33),((36,39),38)),37),((32,40),34))),(((((((((((2,4),(6,10)),7),9),(((3,8),(5,12)),11)),29),((13,(24,(43,44))),((14,15),41))),42),28),(26,27)),(((16,22),19),((17,18),(20,21))))),50),(47,49)),(45,(46,48)),51); 1
((((((((1,30),23),25),((((31,35),33),(((36,39),38),37)),((32,40),34))),(((((((((2,4),(6,10)),7),9),(((3,8),(5,12)),11)),28),((((13,(24,(43,44))),((14,15),41)),29),42)),(26,27)),(((16,22),19),((17,18),(20,21))))),50),(47,49)),(45,(46,48)),51); 1
(((((((1,(23,(30,(((31,(((((32,40),34),37),33),35)),(36,39)),38)))),25),(((((((2,((4,(6,10)),7)),9),(((3,(5,12)),8),11)),13),28),((((14,15),(24,(43,44))),((29,41),42)),(((16,22),19),((17,18),(20,21))))),(26,27))),49),47),(46,48)),(45,50),51); 1
(((((((1,(23,(30,(((31,(((((32,40),34),37),33),35)),(36,39)),38)))),25),(((((((2,((4,(6,10)),7)),9),((3,(5,12)),(8,11))),13),28),((((14,15),(24,(43,44))),((29,41),42)),(((16,22),19),((17,18),(20,21))))),(26,27))),49),47),(46,48)),(45,50),51); 1
(((((((1,(23,25)),(30,((((31,(37,38)),(36,39)),(33,35)),((32,40),34)))),(((((((2,((4,(6,10)),7)),9),((3,(5,12)),(8,11))),28),((((13,(43,44)),24),42),(((14,15),41),29))),(((16,22),19),((17,18),(20,21)))),(26,27))),49),47),50),(45,(46,48)),51); 1
(((((((1,(23,25)),(30,((((31,(37,38)),(36,39)),(33,35)),((32,40),34)))),((((((2,((4,(6,10)),7)),9),((3,(5,12)),(8,11))),28),(((((13,(43,44)),24),42),(((14,15),29),41)),(((16,22),19),((17,18),(20,21))))),(26,27))),49),47),50),(45,(46,48)),51); 1
(((((((1,(23,25)),(30,((((31,(37,38)),(36,39)),(33,35)),((32,40),34)))),((((((2,((4,(6,10)),7)),9),((3,(5,12)),(8,11))),28),(((((13,(43,44)),24),42),(((14,15),41),29)),(((16,22),19),((17,18),(20,21))))),(26,27))),49),47),(45,50)),(46,48),51); 1
(((((((1,(23,25)),(30,((((31,(37,38)),(36,39)),(33,35)),((32,40),34)))),((((((2,((4,(6,10)),7)),9),((3,(5,12)),(8,11))),28),(((((13,(43,44)),24),42),(((16,22),19),((17,18),(20,21)))),(((14,15),41),29))),(26,27))),49),47),(46,48)),(45,50),51); 1
(((((((1,(23,25)),(30,((((31,35),((36,39),38)),(33,37)),((32,40),34)))),((((((2,((4,(6,10)),7)),9),((3,(5,12)),(8,11))),28),(((13,(24,(43,44))),(29,(41,42))),((14,15),((16,(19,22)),((17,18),(20,21)))))),(26,27))),49),47),(46,48)),(45,50),51); 1
(((((((1,(23,25)),(30,((((31,35),((36,39),38)),(33,37)),((32,40),34)))),((((((2,((4,7),(6,10))),9),((3,(5,12)),(8,11))),28),((((13,(24,(43,44))),29),(41,42)),((14,15),(((16,22),19),((17,18),(20,21)))))),(26,27))),49),47),(46,48)),(45,50),51); 1
(((((((1,(23,25)),(30,(((31,((((32,40),34),(33,35)),37)),38),(36,39)))),(((((2,((4,(6,10)),7)),9),((3,(5,12)),(8,11))),28),((((((13,29),(14,15)),((24,(43,44)),(41,42))),(((16,22),19),((17,18),(20,21)))),27),26))),45),(47,49)),(46,48)),50,51); 1
(((((((1,(25,(30,(((31,((((32,40),34),37),(33,35))),38),(36,39))))),23),(((((((2,((4,(6,10)),7)),9),((3,8),(5,12))),11),28),((((((13,29),(43,44)),((14,15),42)),(24,41)),(((16,22),19),((17,(20,21)),18))),27)),26)),45),(46,48)),(47,49)),50,51); 1
(((((((1,(25,(30,(((31,((((32,40),34),37),(33,35))),38),(36,39))))),23),((((((2,((4,(6,10)),7)),9),(((3,8),(5,12)),11)),28),26),((((((13,29),(43,44)),((14,15),42)),(24,41)),(((16,22),19),((17,18),(20,21)))),27))),45),(46,48)),(47,49)),50,51); 1
(((((((1,(30,((((31,((36,39),38)),35),(33,37)),((32,40),34)))),(23,25)),((((((2,((4,(6,10)),7)),9),((3,(5,12)),(8,11))),28),(26,27)),((((13,(24,(43,44))),(41,42)),((14,15),29)),(((16,22),19),((17,18),(20,21)))))),49),47),(46,48)),(45,50),51); 1
(((((((1,(30,((((31,((36,39),38)),35),(33,37)),((32,40),34)))),(23,25)),(((((2,((4,(6,10)),7)),9),((3,(5,12)),(8,11))),28),((((((13,(24,(43,44))),(41,42)),29),(14,15)),(((16,22),19),((17,18),(20,21)))),(26,27)))),49),47),(46,48)),(45,50),51); 1
(((((((1,(30,((((31,35),((36,39),38)),(33,37)),((32,40),34)))),(23,25)),((((((2,((4,(6,10)),7)),9),((3,(5,12)),(8,11))),28),(((((13,(24,(43,44))),(41,42)),29),(14,15)),(((16,22),19),((17,18),(20,21))))),(26,27))),49),47),(46,48)),(45,50),51); 1
(((((((1,(30,((((31,35),((36,39),38)),(33,37)),((32,40),34)))),(23,25)),((((((2,((4,7),(6,10))),9),((3,(5,12)),(8,11))),28),((((13,(24,(43,44))),29),(41,42)),((14,15),(((16,22),19),((17,18),(20,21)))))),(26,27))),49),47),(46,48)),(45,50),51); 1
(((((((1,23),((((((((2,((4,(6,10)),7)),9),(((3,(5,12)),8),11)),13),28),(((((14,15),42),(29,41)),(24,(43,44))),(((16,22),19),((17,18),(20,21))))),(26,27)),(30,(((31,(((((32,40),34),37),33),35)),38),(36,39))))),25),49),47),(46,48)),(45,50),51); 1
(((((((1,23),((((((((2,((4,(6,10)),7)),9),(((3,(5,12)),8),11)),13),28),(((((14,15),42),(29,41)),(24,(43,44))),(((16,22),19),((17,18),(20,21))))),(26,27)),(30,(((31,((((32,40),34),(33,37)),35)),38),(36,39))))),25),49),47),(46,48)),(45,50),51); 1
(((((((1,25),30),23),((13,(((16,22),19),((17,(20,21)),(((24,(43,44)),(((26,27),42),28)),41)))),(14,15))),((((((2,29),(9,11)),4),7),(6,10)),((3,8),(5,12)))),(18,(45,(((46,48),49),(47,50))))),(((((31,(36,39)),35),(((32,40),34),37)),33),38),51); 1
(((((((1,30),(((((((2,((4,(6,10)),7)),9),((3,(5,12)),(8,11))),28),(((((13,29),(14,15)),(((24,(43,44)),42),41)),(((16,22),19),((17,18),(20,21)))),(26,27))),(((((31,(37,38)),(36,39)),33),35),((32,40),34))),25)),23),49),47),(46,48)),(45,50),51); 1
(((((((1,30),(((((((2,((4,(6,10)),7)),9),((3,(5,12)),(8,11))),28),(((((13,29),(14,15)),((24,(42,(43,44))),41)),(((16,22),19),((17,18),(20,21)))),(26,27))),((((31,((36,39),(37,38))),35),33),((32,40),34))),25)),23),49),47),(45,50)),(46,48),51); 1
(((((((1,30),(((16,((17,(20,21)),(((24,(43,44)),28),41))),19),22)),23),(13,((14,15),25))),((26,27),42)),((((((((2,29),11),9),4),7),(6,10)),(((3,8),(5,(((((31,(36,39)),35),37),33),((32,40),34)))),12)),(18,(45,(((46,48),49),(47,50)))))),38,51); 1
(((((((1,30),(23,25)),(((((31,35),33),37),((36,39),38)),((32,40),34))),(((((((((2,4),(6,10)),7),9),(((3,8),(5,12)),11)),29),(((13,(24,(43,44))),41),(14,15))),(((16,22),19),((17,(20,21)),18))),((26,27),(28,42)))),50),(47,49)),(45,(46,48)),51); 1
(((((((1,30),(23,25)),((((31,35),33),(((36,39),38),37)),((32,40),34))),(((((((((2,4),(6,10)),7),9),(((3,8),(5,12)),11)),28),((((13,(24,(43,44))),((14,15),41)),29),42)),(26,27)),(((16,22),19),((17,(20,21)),18)))),50),(47,49)),(45,(46,48)),51); 1
(((((((1,30),(23,25)),((((31,35),33),(((36,39),38),37)),((32,40),34))),(((((((((2,4),7),(6,10)),9),(((3,(5,12)),8),11)),29),((13,((24,(43,44)),41)),(14,15))),(((16,22),19),((17,(20,21)),18))),(((26,27),28),42))),50),(47,49)),(45,(46,48)),51); 1
(((((((1,30),(23,25)),(13,(14,15))),((((2,29),(9,11)),(4,((6,10),7))),((3,8),(5,12)))),(((((16,22),19),(17,(20,21))),(((24,(43,44)),41),(((26,27),42),28))),18)),(((((31,(36,39)),35),33),(((32,40),34),37)),38)),(45,(((46,48),49),(47,50))),51); 1
(((((((1,30),(41,42)),((((2,6),(((((((3,8),(15,((16,23),20))),(22,44)),10),12),(((4,7),46),28)),11)),((9,19),(24,(((32,40),34),48)))),29)),17),((((5,45),(((13,43),27),38)),(31,(33,35))),25)),((((18,21),50),49),((26,((36,39),37)),47))),14,51); 1
(((((((1,30),23),25),((((2,29),((4,((6,10),7)),(9,11))),((3,8),(5,12))),(13,(14,15)))),(((((16,22),19),(17,(20,21))),(((24,(43,44)),41),((26,27),(28,42)))),18)),(((((31,(36,39)),35),33),(((32,40),34),37)),38)),((45,(((46,48),50),47)),49),51); 1
(((((((1,30),23),25),(((2,29),((((3,8),(5,12)),(9,11)),((4,(6,10)),7))),(13,(14,15)))),(((((16,22),19),(17,(20,21))),(((24,(43,44)),41),((26,27),(28,42)))),18)),((((((31,(36,39)),35),33),37),38),((32,40),34))),((45,(46,48)),((47,50),49)),51); 1
(((((((1,30),23),25),(((2,29),(((3,8),(5,12)),(((4,(6,10)),7),(9,11)))),(13,(14,15)))),(((((16,22),19),(17,(20,21))),(((24,(43,44)),41),((26,27),(28,42)))),18)),((((((31,(36,39)),35),33),37),((32,40),34)),38)),((45,(((46,48),47),50)),49),51); 1
((((((1,(((((((((2,((4,(6,10)),7)),9),((3,(5,12)),(8,11))),28),(((((13,29),(14,15)),41),((24,(43,44)),42)),(((16,22),19),((17,18),(20,21))))),(26,27)),(30,(((((31,37),38),(36,39)),(33,35)),((32,40),34)))),25),23)),49),47),(46,48)),50),45,51); 1
((((((1,((((((((2,((4,(6,10)),7)),9),((3,(5,12)),(8,11))),28),(((((13,(43,44)),24),42),(((14,15),41),29)),(((16,22),19),((17,18),(20,21))))),(26,27)),(30,((((31,(37,38)),(36,39)),(33,35)),((32,40),34)))),(23,25))),49),47),(46,48)),50),45,51); 1
((((((1,((((((((2,((4,(6,10)),7)),9),((3,(5,12)),(8,11))),28),((((13,29),((14,15),41)),((24,(43,44)),42)),(((16,22),19),((17,18),(20,21))))),(26,27)),(30,(((((31,37),38),(36,39)),(33,35)),((32,40),34)))),(23,25))),49),47),(46,48)),50),45,51); 1
((((((1,((((((((2,((4,7),(6,10))),9),((3,(5,12)),(8,11))),28),((((((13,29),41),(14,15)),((24,(43,44)),42)),(((16,22),19),((17,18),(20,21)))),(26,27))),23),25),(30,((((31,(37,38)),(36,39)),(33,35)),((32,40),34))))),49),47),(46,48)),45),50,51); 1
((((((1,((((((((2,((4,7),(6,10))),9),((3,(5,12)),(8,11))),28),(((((13,(43,44)),24),42),(((14,15),41),29)),(((16,22),19),((17,18),(20,21))))),(26,27)),(30,((((31,(37,38)),(36,39)),(33,35)),((32,40),34)))),(23,25))),49),47),(46,48)),50),45,51); 1
((((((1,((((((((2,((4,7),(6,10))),9),((3,(5,12)),(8,11))),28),(((((13,29),((14,15),41)),((24,(43,44)),42)),(((16,22),19),((17,18),(20,21)))),(26,27))),23),(30,((((31,(37,38)),(36,39)),(33,35)),((32,40),34)))),25)),49),47),(46,48)),50),45,51); 1
((((((1,((((((((2,((4,7),(6,10))),9),((3,(5,12)),(8,11))),28),(((((13,29),((14,15),41)),((24,(43,44)),42)),(((16,22),19),((17,18),(20,21)))),(26,27))),23),25),(30,((((31,(37,38)),(36,39)),(33,35)),((32,40),34))))),49),47),(46,48)),50),45,51); 1
((((((1,(((((((2,((4,7),(6,10))),9),((3,(5,12)),(8,11))),28),((((((13,29),41),(14,15)),((24,(43,44)),42)),(((16,22),19),((17,18),(20,21)))),(26,27))),23),(25,(30,((((31,(37,38)),(36,39)),(33,35)),((32,40),34)))))),49),47),(46,48)),50),45,51); 1
((((((1,(23,25)),(30,((((31,(33,35)),(((32,40),34),37)),38),(36,39)))),(((((2,((4,(6,10)),7)),9),((3,(5,12)),(8,11))),28),(((((((13,29),(14,15)),(24,(43,44))),(41,42)),(((16,22),19),((17,18),(20,21)))),27),26))),45),((46,48),(47,49))),50,51); 1
((((((1,(30,((((31,(33,35)),(((32,40),34),37)),38),(36,39)))),(23,25)),(((((2,((4,(6,10)),7)),9),(((3,(5,12)),8),11)),28),((((((((13,29),(14,15)),(43,44)),24),(41,42)),(((16,22),19),((17,18),(20,21)))),27),26))),45),((46,48),(47,49))),50,51); 1
((((((1,(30,((((31,(33,35)),(((32,40),34),37)),38),(36,39)))),(23,25)),(((((2,((4,(6,10)),7)),9),(((3,8),(5,12)),11)),28),((((((((13,29),(43,44)),42),(14,15)),(24,41)),(((16,22),19),((17,18),(20,21)))),27),26))),45),((46,48),(47,49))),50,51); 1
((((((1,(30,((((31,(33,35)),(((32,40),34),37)),38),(36,39)))),(23,25)),(((((2,((4,7),(6,10))),9),(((3,8),(5,12)),11)),28),((((((((13,29),(14,15)),(43,44)),(24,42)),41),(((16,22),19),((17,18),(20,21)))),27),26))),45),((46,48),(47,49))),50,51); 1
((((((1,(30,((((31,(33,35)),(((32,40),34),37)),38),(36,39)))),(23,25)),(((((2,((4,7),(6,10))),9),(((3,8),(5,12)),11)),28),((((((((13,29),(14,15)),(43,44)),24),(41,42)),(((16,22),19),((17,18),(20,21)))),27),26))),45),((46,48),(47,49))),50,51); 1
((((((1,(30,(((31,((((32,40),34),37),(33,35))),38),(36,39)))),(23,25)),(((((2,((4,(6,10)),7)),9),(((3,(5,12)),8),11)),28),((((((((13,29),(14,15)),(43,44)),24),(41,42)),(((16,22),19),((17,18),(20,21)))),27),26))),45),((46,48),(47,49))),50,51); 1
((((((1,(30,(((31,((((32,40),34),37),(33,35))),38),(36,39)))),(23,25)),(((((2,((4,(6,10)),7)),9),((3,(5,12)),(8,11))),28),(((((((13,29),(14,15)),(24,(43,44))),(41,42)),(((16,22),19),((17,18),(20,21)))),27),26))),45),((46,48),(47,49))),50,51); 1
((((((1,30),23),25),(((((2,29),(((((3,8),(5,12)),11),9),((4,(6,10)),7))),(13,(14,15))),((((16,22),19),(17,(20,21))),18)),(((24,(43,44)),41),(((26,27),28),42)))),((((((31,(36,39)),35),33),37),38),((32,40),34))),((45,(46,48)),((47,49),50)),51); 1
((((((1,30),23),25),(((((2,29),((((3,8),(5,12)),11),(((4,(6,10)),7),9))),(13,(14,15))),((((16,22),19),(17,(20,21))),18)),(((24,(43,44)),41),(((26,27),28),42)))),(((((31,35),33),37),((36,39),38)),((32,40),34))),((45,(46,48)),((47,49),50)),51); 1
((((((1,30),23),25),(((((31,35),((36,39),38)),33),37),((32,40),34))),(((((((((2,4),(6,10)),7),9),(((3,8),(5,12)),11)),29),(13,(14,15))),(((16,22),19),((17,(20,21)),18))),(((24,(43,44)),41),(((26,27),28),42)))),((45,(46,48)),((47,49),50)),51); 1
((((((1,30),23),25),(((((31,35),((36,39),38)),33),37),((32,40),34))),(((((((((2,4),7),(6,10)),9),(((3,8),(5,12)),11)),29),(13,(14,15))),(((16,22),19),((17,(20,21)),18))),((((24,(43,44)),41),((26,27),28)),42))),((45,(46,48)),((47,49),50)),51); 1
((((((1,30),23),25),(((((31,35),((36,39),38)),33),37),((32,40),34))),(((((2,29),((((3,8),(5,12)),11),(((4,(6,10)),7),9))),(13,(14,15))),((((16,22),19),(17,(20,21))),18)),(((24,(43,44)),41),(((26,27),28),42)))),((45,(46,48)),((47,49),50)),51); 1
(((((1,(((((((((2,((4,(6,10)),7)),9),((3,(5,12)),(8,11))),28),((((13,((24,(43,44)),42)),((14,15),41)),29),(((16,22),19),((17,18),(20,21))))),(26,27)),(30,(((((31,37),38),(36,39)),(33,35)),((32,40),34)))),25),23)),49),47),(46,48)),(45,50),51); 1
(((((1,(((((((((2,((4,(6,10)),7)),9),((3,(5,12)),(8,11))),28),((((13,29),(14,15)),(((24,(43,44)),42),41)),(((16,22),19),((17,18),(20,21))))),(26,27)),(30,(((((31,37),38),(36,39)),(33,35)),((32,40),34)))),25),23)),49),47),(46,48)),(45,50),51); 1
(((((1,(((((((((2,((4,(6,10)),7)),9),((3,(5,12)),(8,11))),28),((((13,29),(14,15)),(((24,(43,44)),42),41)),(((16,22),19),((17,18),(20,21))))),(26,27)),(30,((((31,(37,38)),(36,39)),(33,35)),((32,40),34)))),23),25)),49),47),(46,48)),(45,50),51); 1
(((((1,(((((((((2,((4,(6,10)),7)),9),((3,(5,12)),(8,11))),28),((((13,29),(14,15)),(((24,(43,44)),42),41)),(((16,22),19),((17,18),(20,21))))),(26,27)),(30,((((31,(37,38)),(36,39)),(33,35)),((32,40),34)))),25),23)),49),47),(46,48)),(45,50),51); 1
(((((1,(((((((((2,((4,7),(6,10))),9),((3,(5,12)),(8,11))),28),(((((13,29),41),(14,15)),((24,(43,44)),42)),(((16,22),19),((17,18),(20,21))))),(26,27)),23),25),(30,((((31,(37,38)),(36,39)),(33,35)),((32,40),34))))),49),47),(46,48)),(45,50),51); 1
(((((1,(((((((((2,((4,7),(6,10))),9),((3,(5,12)),(8,11))),28),(26,27)),((((13,29),((14,15),41)),((24,(43,44)),42)),(((16,22),19),(17,(18,(20,21)))))),23),(30,(((((31,37),38),(36,39)),(33,35)),((32,40),34)))),25)),49),47),(46,48)),(45,50),51); 1
(((((1,(((((((((2,((4,7),(6,10))),9),((3,(5,12)),(8,11))),28),(26,27)),((((13,29),((14,15),41)),((24,(43,44)),42)),(((16,22),19),(17,(18,(20,21)))))),23),(30,((((31,(37,38)),(36,39)),(33,35)),((32,40),34)))),25)),49),47),(46,48)),(45,50),51); 1
(((((1,((((((((2,((4,(6,10)),7)),9),(((3,(5,12)),8),11)),28),(((((13,(43,44)),24),42),(((14,15),41),29)),(((16,22),19),((17,18),(20,21))))),(26,27)),(30,((((31,(37,38)),(36,39)),(33,35)),((32,40),34)))),(23,25))),49),47),(46,48)),(45,50),51); 1
(((((1,((((((((2,((4,(6,10)),7)),9),((3,(5,12)),(8,11))),28),((((((13,(43,44)),24),42),(14,15)),(29,41)),(((16,22),19),((17,18),(20,21))))),(26,27)),(30,((((31,(37,38)),(36,39)),(33,35)),((32,40),34)))),(23,25))),49),47),(46,48)),(45,50),51); 1
(((((1,((((((((2,((4,(6,10)),7)),9),((3,(5,12)),(8,11))),28),((((((13,29),((24,(43,44)),42)),41),(14,15)),(((16,22),19),((17,18),(20,21)))),(26,27))),23),25),(30,((((31,(37,38)),(36,39)),(33,35)),((32,40),34))))),49),47),(46,48)),(45,50),51); 1
(((((1,((((((((2,((4,(6,10)),7)),9),((3,(5,12)),(8,11))),28),(((((13,((24,(43,44)),42)),(14,15)),29),41),(((16,22),19),((17,18),(20,21))))),(26,27)),(30,((((31,(37,38)),(36,39)),(33,35)),((32,40),34)))),(23,25))),49),47),(46,48)),(45,50),51); 1
(((((1,((((((((2,((4,(6,10)),7)),9),((3,(5,12)),(8,11))),28),(((((13,(43,44)),24),42),(((14,15),41),29)),(((16,22),19),((17,18),(20,21))))),(26,27)),(30,((((31,(37,38)),(36,39)),(33,35)),((32,40),34)))),(23,25))),49),47),(46,48)),(45,50),51); 1
(((((1,((((((((2,((4,(6,10)),7)),9),((3,(5,12)),(8,11))),28),(((((13,(43,44)),24),42),((14,15),(29,41))),(((16,22),19),((17,18),(20,21))))),(26,27)),(30,((((31,(37,38)),(36,39)),(33,35)),((32,40),34)))),(23,25))),49),47),(46,48)),(45,50),51); 1
(((((1,((((((((2,((4,(6,10)),7)),9),((3,(5,12)),(8,11))),28),(((((13,29),((14,15),((24,(43,44)),42))),41),(((16,22),19),((17,18),(20,21)))),(26,27))),23),25),(30,(((((31,37),38),(36,39)),(33,35)),((32,40),34))))),49),47),(46,48)),(45,50),51); 1
(((((1,((((((((2,((4,(6,10)),7)),9),((3,(5,12)),(8,11))),28),(((((13,29),((24,(43,44)),42)),((14,15),41)),(((16,22),19),((17,18),(20,21)))),(26,27))),23),25),(30,((((31,(37,38)),(36,39)),(33,35)),((32,40),34))))),49),47),(46,48)),(45,50),51); 1
(((((1,((((((((2,((4,(6,10)),7)),9),((3,(5,12)),(8,11))),28),(((((13,29),(14,15)),(((24,(43,44)),42),41)),(((16,22),19),((17,18),(20,21)))),(26,27))),(30,(((((31,37),38),(36,39)),(33,35)),((32,40),34)))),23),25)),49),47),(46,48)),(45,50),51); 1
(((((1,((((((((2,((4,(6,10)),7)),9),((3,(5,12)),(8,11))),28),(((((13,29),(14,15)),(((24,(43,44)),42),41)),(((16,22),19),((17,18),(20,21)))),(26,27))),(30,((((31,(37,38)),(36,39)),(33,35)),((32,40),34)))),25),23)),49),47),(46,48)),(45,50),51); 1
(((((1,((((((((2,((4,(6,10)),7)),9),((3,(5,12)),(8,11))),28),(((((13,29),(14,15)),((24,(43,44)),42)),41),(((16,22),19),((17,18),(20,21))))),(26,27)),(30,(((((31,35),33),(37,38)),(36,39)),((32,40),34)))),(23,25))),49),47),(46,48)),(45,50),51); 1
(((((1,((((((((2,((4,(6,10)),7)),9),((3,(5,12)),(8,11))),28),(((((13,29),(14,15)),41),((24,(43,44)),42)),(((16,22),19),((17,18),(20,21))))),(26,27)),(30,(((((31,38),37),(36,39)),(33,35)),((32,40),34)))),(23,25))),49),47),(46,48)),(45,50),51); 1
(((((1,((((((((2,((4,(6,10)),7)),9),((3,(5,12)),(8,11))),28),(((((13,29),42),(24,(43,44))),((14,15),41)),(((16,22),19),((17,18),(20,21))))),(26,27)),(30,((((31,(37,38)),(36,39)),(33,35)),((32,40),34)))),(23,25))),49),47),(46,48)),(45,50),51); 1
(((((1,((((((((2,((4,(6,10)),7)),9),((3,(5,12)),(8,11))),28),((((13,((24,(43,44)),42)),(29,41)),(14,15)),(((16,22),19),((17,18),(20,21))))),(26,27)),(30,((((31,(37,38)),(36,39)),(33,35)),((32,40),34)))),(23,25))),49),47),(46,48)),(45,50),51); 1
(((((1,((((((((2,((4,(6,10)),7)),9),((3,(5,12)),(8,11))),28),((((13,((24,(43,44)),42)),29),((14,15),41)),(((16,22),19),((17,18),(20,21))))),(26,27)),(30,(((((31,37),38),(36,39)),(33,35)),((32,40),34)))),(23,25))),49),47),(46,48)),(45,50),51); 1
(((((1,((((((((2,((4,(6,10)),7)),9),((3,(5,12)),(8,11))),28),((((13,29),((14,15),41)),((24,(43,44)),42)),(((16,22),19),((17,18),(20,21))))),(26,27)),(30,(((((31,38),37),(36,39)),(33,35)),((32,40),34)))),(23,25))),49),47),(46,48)),(45,50),51); 1
(((((1,((((((((2,((4,(6,10)),7)),9),((3,(5,12)),(8,11))),28),((((13,29),((14,15),41)),(24,(42,(43,44)))),(((16,22),19),((17,18),(20,21))))),(26,27)),(30,((((31,(37,38)),(36,39)),(33,35)),((32,40),34)))),(23,25))),49),47),(46,48)),(45,50),51); 1
(((((1,((((((((2,((4,(6,10)),7)),9),((3,(5,12)),(8,11))),28),((((13,29),((24,(43,44)),42)),((14,15),41)),(((16,22),19),((17,18),(20,21))))),(26,27)),(30,((((31,(37,38)),(36,39)),(33,35)),((32,40),34)))),(23,25))),49),47),(46,48)),(45,50),51); 1
(((((1,((((((((2,((4,(6,10)),7)),9),((3,(5,12)),(8,11))),28),((((13,29),(14,15)),(((24,(43,44)),42),41)),(((16,22),19),((17,18),(20,21))))),(26,27)),(30,((((31,(33,35)),(37,38)),(36,39)),((32,40),34)))),(23,25))),49),47),(46,48)),(45,50),51); 1
(((((1,((((((((2,((4,(6,10)),7)),9),((3,(5,12)),(8,11))),28),((((13,29),(14,15)),(((24,(43,44)),42),41)),(((16,22),19),((17,18),(20,21))))),(26,27)),(30,(((31,((36,39),(37,38))),(33,35)),((32,40),34)))),(23,25))),49),47),(46,48)),(45,50),51); 1
(((((1,((((((((2,((4,(6,10)),7)),9),((3,(5,12)),(8,11))),28),(((13,(((24,(43,44)),42),29)),((14,15),41)),(((16,22),19),((17,18),(20,21))))),(26,27)),(30,((((31,(37,38)),(36,39)),(33,35)),((32,40),34)))),(23,25))),49),47),(46,48)),(45,50),51); 1
(((((1,((((((((2,((4,(6,10)),7)),9),((3,(5,12)),(8,11))),28),(((13,((24,(43,44)),42)),(((14,15),29),41)),(((16,22),19),((17,18),(20,21))))),(26,27)),(30,(((((31,37),38),(36,39)),(33,35)),((32,40),34)))),(23,25))),49),47),(46,48)),(45,50),51); 1
(((((1,((((((((2,((4,(6,10)),7)),9),((3,(5,12)),(8,11))),28),(((13,((24,(43,44)),42)),(((14,15),41),29)),(((16,22),19),((17,18),(20,21))))),(26,27)),(30,(((((31,37),38),(36,39)),(33,35)),((32,40),34)))),(23,25))),49),47),(46,48)),(45,50),51); 1
(((((1,((((((((2,((4,(6,10)),7)),9),((3,(5,12)),(8,11))),28),(((13,((24,(43,44)),42)),((14,15),(29,41))),(((16,22),19),((17,18),(20,21))))),(26,27)),(30,((((31,(37,38)),(36,39)),(33,35)),((32,40),34)))),(23,25))),49),47),(46,48)),(45,50),51); 1
(((((1,((((((((2,((4,(6,10)),7)),9),((3,(5,12)),(8,11))),28),(26,27)),((13,(((14,15),(29,41)),((24,(43,44)),42))),(((16,22),19),((17,18),(20,21))))),(30,(((((31,37),38),(36,39)),(33,35)),((32,40),34)))),(23,25))),49),47),(46,48)),(45,50),51); 1
(((((1,((((((((2,((4,(6,10)),7)),9),((3,(8,11)),(5,12))),28),((((13,((24,(43,44)),42)),(29,41)),(14,15)),(((16,22),19),((17,18),(20,21))))),(26,27)),(30,((((31,(37,38)),(36,39)),(33,35)),((32,40),34)))),(23,25))),49),47),(46,48)),(45,50),51); 1
(((((1,((((((((2,((4,(6,10)),7)),9),((3,(8,11)),(5,12))),28),((((13,29),(14,15)),(((24,(43,44)),42),41)),(((16,22),19),((17,18),(20,21))))),(26,27)),(30,((((31,(37,38)),(36,39)),(33,35)),((32,40),34)))),(23,25))),49),47),(46,48)),(45,50),51); 1
(((((1,((((((((2,((4,(6,10)),7)),9),((3,(8,11)),(5,12))),28),((((13,29),(14,15)),(((24,(43,44)),42),41)),(((16,22),19),((17,18),(20,21))))),(26,27)),(30,((((31,35),33),((36,39),(37,38))),((32,40),34)))),(23,25))),49),47),(46,48)),(45,50),51); 1
(((((1,((((((((2,((4,7),(6,10))),9),((3,(5,12)),(8,11))),28),(((((((13,(43,44)),24),42),(14,15)),41),29),(((16,22),19),((17,18),(20,21))))),(26,27)),(30,((((31,(37,38)),(36,39)),(33,35)),((32,40),34)))),(23,25))),49),47),(46,48)),(45,50),51); 1
(((((1,((((((((2,((4,7),(6,10))),9),((3,(5,12)),(8,11))),28),((((((13,(43,44)),24),42),((14,15),41)),29),(((16,22),19),((17,18),(20,21))))),(26,27)),(30,((((31,(37,38)),(36,39)),(33,35)),((32,40),34)))),(23,25))),49),47),(46,48)),(45,50),51); 1
(((((1,((((((((2,((4,7),(6,10))),9),((3,(5,12)),(8,11))),28),(((((13,29),((14,15),41)),((24,(43,44)),42)),(((16,22),19),((17,(20,21)),18))),(26,27))),23),(30,((((31,(37,38)),(36,39)),(33,35)),((32,40),34)))),25)),49),47),(46,48)),(45,50),51); 1
(((((1,((((((((2,((4,7),(6,10))),9),((3,(5,12)),(8,11))),28),(((((13,29),((14,15),41)),((24,(43,44)),42)),(((16,22),19),(17,(18,(20,21))))),(26,27))),23),(30,((((31,(37,38)),(36,39)),(33,35)),((32,40),34)))),25)),49),47),(46,48)),(45,50),51); 1
(((((1,((((((((2,((4,7),(6,10))),9),((3,(5,12)),(8,11))),28),(((((13,29),((14,15),41)),((24,(43,44)),42)),(((16,22),19),(17,(18,(20,21))))),(26,27))),23),25),(30,((((31,(37,38)),(36,39)),(33,35)),((32,40),34))))),49),47),(46,48)),(45,50),51); 1
(((((1,((((((((2,((4,7),(6,10))),9),((3,(5,12)),(8,11))),28),(((((13,29),(14,15)),41),((24,(43,44)),42)),(((16,22),19),((17,18),(20,21))))),(26,27)),(23,25)),(30,((((31,(37,38)),(36,39)),(33,35)),((32,40),34))))),49),47),(46,48)),(45,50),51); 1
(((((1,((((((((2,((4,7),(6,10))),9),((3,(5,12)),(8,11))),28),(((((13,29),(14,15)),41),(24,(42,(43,44)))),(((16,22),19),((17,18),(20,21))))),(26,27)),(30,((((31,(37,38)),(36,39)),(33,35)),((32,40),34)))),(23,25))),49),47),(46,48)),(45,50),51); 1
(((((1,((((((((2,((4,7),(6,10))),9),((3,(5,12)),(8,11))),28),((((13,(24,(43,44))),42),(((14,15),41),29)),(((16,22),19),((17,18),(20,21))))),(26,27)),(30,((((31,(37,38)),(36,39)),(33,35)),((32,40),34)))),(23,25))),49),47),(46,48)),(45,50),51); 1
(((((1,((((((((2,((4,7),(6,10))),9),((3,(5,12)),(8,11))),28),((((13,29),(14,15)),(((24,(43,44)),42),41)),(((16,22),19),((17,18),(20,21))))),(26,27)),(30,(((((31,37),38),(36,39)),(33,35)),((32,40),34)))),(23,25))),49),47),(46,48)),(45,50),51); 1
(((((1,((((((((2,((4,7),(6,10))),9),((3,(8,11)),(5,12))),28),((((13,29),(14,15)),(((24,(43,44)),42),41)),(((16,22),19),((17,18),(20,21))))),(26,27)),(30,((((31,(37,38)),(36,39)),(33,35)),((32,40),34)))),(23,25))),49),47),(46,48)),(45,50),51); 1
(((((1,((((((((2,((4,7),(6,10))),9),((3,(8,11)),(5,12))),28),(((13,((24,(43,44)),42)),(((14,15),41),29)),(((16,22),19),((17,18),(20,21))))),(26,27)),(30,((((31,(37,38)),(36,39)),(33,35)),((32,40),34)))),(23,25))),49),47),(46,48)),(45,50),51); 1
(((((1,((((((((2,(4,((6,10),7))),9),((3,(5,12)),(8,11))),28),(((13,29),(((14,15),41),((24,(43,44)),42))),(((16,22),19),((17,18),(20,21))))),(26,27)),(30,((((31,(37,38)),(36,39)),(33,35)),((32,40),34)))),(23,25))),49),47),(46,48)),(45,50),51); 1
(((((1,(((((((2,((4,(6,10)),7)),9),((3,(5,12)),(8,11))),28),((((((13,29),(14,15)),41),((24,(43,44)),42)),(((16,22),19),((17,18),(20,21)))),(26,27))),23),(25,(30,((((31,(37,38)),(36,39)),(33,35)),((32,40),34)))))),49),47),(46,48)),(45,50),51); 1
(((((1,(((((((2,((4,(6,10)),7)),9),((3,(5,12)),(8,11))),28),(((((13,((24,(43,44)),42)),((14,15),41)),29),(((16,22),19),((17,18),(20,21)))),(26,27))),(30,((((31,(37,38)),(36,39)),(33,35)),((32,40),34)))),(23,25))),49),47),(46,48)),(45,50),51); 1
(((((1,(((((((2,((4,(6,10)),7)),9),((3,(5,12)),(8,11))),28),(((((13,((24,(43,44)),42)),29),((14,15),41)),(((16,22),19),((17,18),(20,21)))),(26,27))),(30,((((31,(37,38)),(36,39)),(33,35)),((32,40),34)))),(23,25))),47),49),(46,48)),(45,50),51); 1
(((((1,(((((((2,((4,(6,10)),7)),9),((3,(5,12)),(8,11))),28),(((((13,(24,(43,44))),42),(((14,15),41),29)),(((16,22),19),((17,18),(20,21)))),(26,27))),(30,(((((31,37),38),(36,39)),(33,35)),((32,40),34)))),(23,25))),49),47),(46,48)),(45,50),51); 1
(((((1,(((((((2,((4,(6,10)),7)),9),((3,(5,12)),(8,11))),28),(((((13,29),((14,15),41)),((24,(43,44)),42)),(((16,22),19),((17,18),(20,21)))),(26,27))),(30,(((((31,38),37),(33,35)),(36,39)),((32,40),34)))),(23,25))),49),47),(46,48)),(45,50),51); 1
(((((1,(((((((2,((4,(6,10)),7)),9),((3,(5,12)),(8,11))),28),(((((13,29),((14,15),41)),((24,(43,44)),42)),(((16,22),19),((17,18),(20,21)))),(26,27))),23),(25,(30,((((31,(37,38)),(36,39)),(33,35)),((32,40),34)))))),49),47),(46,48)),(45,50),51); 1
(((((1,(((((((2,((4,(6,10)),7)),9),((3,(5,12)),(8,11))),28),(((((13,29),(14,15)),(((24,(43,44)),42),41)),(((16,22),19),((17,18),(20,21)))),(26,27))),(30,(((((31,(37,38)),(36,39)),33),35),((32,40),34)))),(23,25))),49),47),(46,48)),(45,50),51); 1
(((((1,(((((((2,((4,(6,10)),7)),9),((3,(8,11)),(5,12))),28),(((((13,29),((14,15),41)),((24,(43,44)),42)),(((16,22),19),((17,18),(20,21)))),(26,27))),(30,((((31,(37,38)),(33,35)),(36,39)),((32,40),34)))),(23,25))),49),47),(46,48)),(45,50),51); 1
(((((1,(((((((2,((4,7),(6,10))),9),((3,(5,12)),(8,11))),28),((((((13,29),(14,15)),((24,(43,44)),42)),41),(((16,22),19),((17,18),(20,21)))),(26,27))),(30,(((((31,37),38),(36,39)),(33,35)),((32,40),34)))),(23,25))),49),47),(46,48)),(45,50),51); 1
(((((1,(((((((2,((4,7),(6,10))),9),((3,(5,12)),(8,11))),28),((((((13,29),(14,15)),41),((24,(43,44)),42)),(((16,22),19),((17,18),(20,21)))),(26,27))),23),(25,(30,((((31,((36,39),(37,38))),35),33),((32,40),34)))))),49),47),(46,48)),(45,50),51); 1
(((((1,(((((((2,((4,7),(6,10))),9),((3,(5,12)),(8,11))),28),((((13,((24,(43,44)),42)),(((14,15),41),29)),(((16,22),19),((17,18),(20,21)))),(26,27))),(30,((((31,(37,38)),(36,39)),(33,35)),((32,40),34)))),(23,25))),47),49),(46,48)),(45,50),51); 1
(((((1,(((((((2,((4,7),(6,10))),9),((3,(5,12)),(8,11))),28),((((13,((24,(43,44)),42)),(((14,15),41),29)),(((16,22),19),((17,18),(20,21)))),(26,27))),(30,((((31,(37,38)),(36,39)),(33,35)),((32,40),34)))),(23,25))),49),47),(46,48)),(45,50),51); 1
(((((1,(((((((2,((4,7),(6,10))),9),((3,(5,12)),(8,11))),28),(((13,((((14,15),41),29),((24,(43,44)),42))),(((16,22),19),((17,18),(20,21)))),(26,27))),(30,((((31,(37,38)),(36,39)),(33,35)),((32,40),34)))),(23,25))),47),49),(46,48)),(45,50),51); 1
(((((1,(((((((2,((4,7),(6,10))),9),((3,(8,11)),(5,12))),28),(((((13,29),((14,15),41)),((24,(43,44)),42)),(((16,22),19),((17,18),(20,21)))),(26,27))),(30,((((31,(37,38)),(36,39)),(33,35)),((32,40),34)))),(23,25))),49),47),(46,48)),(45,50),51); 1
(((((1,(((((((2,((4,7),(6,10))),9),((3,(8,11)),(5,12))),28),((((13,((24,(43,44)),42)),(((14,15),41),29)),(((16,22),19),((17,18),(20,21)))),(26,27))),(30,((((31,(37,38)),(36,39)),(33,35)),((32,40),34)))),(23,25))),49),47),(46,48)),(45,50),51); 1
(((((1,(((((((2,(4,((6,10),7))),9),((3,(5,12)),(8,11))),28),(((((13,29),((24,(43,44)),42)),((14,15),41)),(((16,22),19),((17,18),(20,21)))),(26,27))),(30,((((31,(37,38)),(36,39)),(33,35)),((32,40),34)))),(23,25))),49),47),(46,48)),(45,50),51); 1
(((((1,(((3,28),((((((((4,7),46),8),(10,((((15,16),((18,21),50)),23),20))),((12,(22,44)),49)),((9,19),(24,(32,(34,48))))),6),11)),(((((((5,(38,45)),27),43),13),(33,35)),31),29))),(41,42)),(25,30)),((2,((((26,40),37),(36,39)),47)),17)),14,51); 1
(((((1,(41,42)),(((((3,((8,(10,(12,(22,44)))),(15,((16,23),20)))),((4,7),46)),28),((6,11),((9,19),(24,(((32,40),34),48))))),(((((5,45),(((13,43),27),38)),(33,35)),31),29))),(25,30)),((((2,49),((18,21),50)),17),(((26,37),(36,39)),47))),14,51); 1
(((((1,25),((((((8,(17,(42,50))),11),((19,22),29)),28),45),(20,21))),(2,7)),((5,26),(16,(46,48)))),(((((((((((3,14),12),(23,38)),(13,(15,49))),34),(9,33)),31),(((18,47),(((24,36),(27,41)),39)),((30,37),35))),32),((((4,44),6),10),43)),40),51); 1
((((1,((((((((2,((4,(6,10)),7)),9),((3,(5,12)),(8,11))),28),((((13,29),((14,15),41)),((24,(43,44)),42)),(((16,22),19),((17,18),(20,21))))),(26,27)),(30,((((31,(37,38)),(36,39)),(33,35)),((32,40),34)))),(23,25))),(47,49)),(46,48)),(45,50),51); 1
((((1,((((((((2,((4,(6,10)),7)),9),((3,(5,12)),(8,11))),28),(((13,29),(((14,15),41),((24,(43,44)),42))),(((16,22),19),((17,18),(20,21))))),(26,27)),(30,((((31,(37,38)),(36,39)),(33,35)),((32,40),34)))),(23,25))),(47,49)),(46,48)),(45,50),51); 1
((((1,((((2,((3,33),(18,38))),(4,((5,28),35))),46),((((((((((7,16),15),23),20),22),8),41),((14,(36,43)),34)),(9,(12,45))),39))),((((((((((6,44),(19,25)),(13,49)),29),(37,48)),40),(17,32)),(30,47)),21),50)),(10,(((11,42),(24,26)),31))),27,51); 1
